vertices = [
0.0269528531896406,
-0.0093872464504571,
-0.0319411903570115,
0.0385238798695416,
0.0010017156958232,
-0.0830098674344054,
0.0469337864916195,
0.0746988176431343,
-0.0803733495321532,
-0.0252311139059310,
0.0905375484415125,
-0.0634412520306582,
-0.0300154677728207,
0.1175196717731064,
-0.0727488977732330,
-0.1072054191436302,
0.1122884897489419,
0.0208148650560832,
-0.1095135790480403,
0.0611264117278193,
0.0634137577491609,
-0.1435374187628315,
0.0489994026816530,
0.1577608173622612,
-0.1513231549984259,
-0.0805235702894272,
0.1744461011314138,
-0.0410206281665330,
-0.1037302948541268,
0.1526452326975803,
-0.0213774641049657,
-0.1730416776346488,
0.1265609484585199,
0.1078558310473260,
-0.1756971594602688,
0.0027285834989456,
0.1504095394908572,
-0.1251648908977835,
-0.0273905183593349,
0.2015546858565616,
-0.1215824656698041,
-0.1680103175034556,
0.1954227893167638,
0.0436260364899319,
-0.1764048047740236,
0.1072191184862663,
0.0423744706106553,
-0.2242997831372442,
0.1249438380775203,
0.1937175280243679,
-0.2345496487514504,
-0.0711559020927575,
0.2340590372139210,
-0.1048430215843727,
-0.1031959898134859,
0.2401709979013381,
-0.0743470039566396,
-0.2339760594014778,
0.2064290884671884,
0.1260283145559921,
-0.2371123624250127,
0.0610543571734440,
0.1275044911362856,
-0.2058864817810042,
0.0478096641509780,
0.2436097276299310,
-0.2025257427144987,
-0.1547543176673107,
0.2579078546574009,
-0.0181238786037850,
-0.1802224577600247,
0.1929831517407712,
-0.0058931481486823,
-0.2866753966314955,
0.2016272745159911,
0.2107693561371813,
-0.2795242906679981,
-0.0071007177646390,
0.2142120944328401,
-0.1874733626662452,
-0.0316891638053279,
0.2882131052357390,
-0.1659269540908596,
-0.2425960230253966,
0.2813773154676481,
0.0692217212186996,
-0.2590623550241091,
0.1472751562631179,
0.0965628875890422,
-0.2857243307562176,
0.1242301379704285,
0.2805493221871402,
-0.2870758963259773,
-0.1398360074144491,
0.3143989417985236,
-0.0864644353915655,
-0.1745802118850460,
0.2806942738513830,
-0.0913861214950086,
-0.3106397372752224,
0.2773690600291745,
0.1655390898686372,
-0.3182392322661968,
0.0684484252403150,
0.1870722560773383,
-0.2679561779050702,
0.0419532556824788,
0.3283860827797732,
-0.2505315989273415,
-0.2255270290711042,
0.3404959324224426,
0.0030209580071153,
-0.2543315608144710,
0.2339282572972697,
0.0521831161586946,
-0.3520232585843132,
0.2022020025700113,
0.2934483313229466,
-0.3336071199860061,
-0.0724778661697096,
0.2996468795904568,
-0.1703445089262472,
-0.1063209168691201,
0.3326966453735815,
-0.1679557397457611,
-0.3242926246043818,
0.3436587854839961,
0.1227002754118831,
-0.3417441401006670,
0.1416047334218080,
0.1542300228733915,
-0.3447589951300967,
0.1150874312479368,
0.3631812276720643,
-0.3312240032160036,
-0.2070162810099498,
0.3899894350837196,
-0.0672935618359325,
-0.2444862213937137,
0.3171760102808726,
-0.0343434176945637,
-0.3719629520410830,
0.2797218688561722,
0.2507596218353102,
-0.3723158030417191,
0.0038899475846406,
0.2735123610686336,
-0.2536944146083869,
-0.0313314266460524,
0.3771589723295165,
-0.2441751227682145,
-0.3096443381179348,
0.3943142203979049,
0.0655505771987149,
-0.3362432991523951,
0.2181752869728988,
0.1151312875834261,
-0.4134791262330865,
0.1918975579538255,
0.3780240900548161,
-0.3844036424162825,
-0.1444660956713775,
0.3861431005630322,
-0.1510871057409438,
-0.1835121673935159,
0.3745518677905609,
-0.1221539876240781,
-0.3947494691846815,
0.3575341229266542,
0.2070874715833272,
-0.4065127640077691,
0.0872655576075846,
0.2413284365606000,
-0.3369291358093209,
0.0481868068512158,
0.4170137390495574,
-0.3235617000412749,
-0.2870283404304456,
0.4367848078794684,
-0.0043035757912708,
-0.3219507045775459,
0.2996639064571537,
0.0271072461392369,
-0.4329807781983920,
0.2730224399516042,
0.3379837050972113,
-0.4237795695904512,
-0.0669992738523657,
0.3602298925978036,
-0.2352961571259164,
-0.1080781922673040,
0.4222263210948388,
-0.2118996942550912,
-0.3947493662662693,
0.4245718724334742,
0.1491753869266036,
-0.4166629511811815,
0.1771612899413072,
0.2043496407823551,
-0.4168911273873015,
0.1342414855440924,
0.4469184670534091,
-0.4081006085535113,
-0.2331401927277157,
0.4632541569015644,
-0.1019296199146485,
-0.2744655879025510,
0.3908215776781648,
-0.0635670377272606,
-0.4534974253031011,
0.3545454347613832,
0.2912330004733415,
-0.4573768003745795,
0.0212373622135274,
0.3259890587687141,
-0.3213692503207439,
-0.0250083755723285,
0.4627080555140338,
-0.3047258356215106,
-0.3747975662226652,
0.4823156169638089,
0.0720971005401030,
-0.4060450865848033,
0.2728256642689923,
0.0951715652529607,
-0.4905513764639992,
0.2568763658570646,
0.4257761441394657,
-0.4701071704826031,
-0.1463535152298533,
0.4480027240181176,
-0.2104653219293107,
-0.1905178699171025,
0.4583654282088304,
-0.1603560700216789,
-0.4717768301186517,
0.4378474846771581,
0.2401681238762562,
-0.4865108726117340,
0.1181596387999539,
0.2904570405567803,
-0.4079032769141140,
0.0643382742715195,
0.4996356676680341,
-0.3955071044500192,
-0.3198361342226458,
0.5118879096180633,
-0.0287853144024498,
-0.3591692106953650,
0.3688952720335364,
0.0014587486548724,
-0.5106644503254358,
0.3433121287256320,
0.3772242070889031,
-0.5046992390477110,
-0.0505361647204614,
0.4097485559343942,
-0.3028119480597297,
-0.0995608162175018,
0.5068012170678234,
-0.2633743164668291,
-0.4535578110624625,
0.5027447411391588,
0.1574294023969133,
-0.4788832460079496,
0.2241475691462413,
0.1797203695871154,
-0.4927218196928599,
0.2007789358822069,
0.4879731597040107,
-0.4843664556018021,
-0.2309981055105061,
0.5147073782690208,
-0.1582323635983572,
-0.2744816664066593,
0.4669082106899053,
-0.0921801644432798,
-0.5302055111732836,
0.4267024473960904,
0.3292007324182962,
-0.5357635356519033,
0.0448463242866351,
0.3721935773387287,
-0.3919215022151291,
-0.0060153057925155,
0.5430972798870191,
-0.3853518980161323,
-0.3967588865537797,
0.5575763472731431,
0.0344027426777108,
-0.4350747179881477,
0.3517984275879206,
0.0670583399192339,
-0.5644139082915911,
0.3306687238990417,
0.4599025739253317,
-0.5512000784808425,
-0.1188079200686070,
0.4900857428049372,
-0.2857186130050445,
-0.1739296008009847,
0.5400767348546014,
-0.2259621329215674,
-0.5226361275562239,
0.5208255148689335,
0.2337960567848427,
-0.5433206250753392,
0.1792438505241878,
0.2659002013768286,
-0.4898026842274177,
0.1363033778168868,
0.5438952335702524,
-0.4760049124422604,
-0.3140372637731138,
0.5652504089593725,
-0.0899376082904793,
-0.3576802932043889,
0.4499276007030468,
-0.0281871428852959,
-0.5874967946470059,
0.4172450377063691,
0.4142142872911622,
-0.5842809289054099,
-0.0240670070308090,
0.4525310940630849,
-0.3773568907009318,
-0.0731010387290796,
0.5870914233802087,
-0.3447045837728403,
-0.4664028906380223,
0.5729313282622415,
0.1121211469735646,
-0.4992083961322236,
0.3051229660969330,
0.1526920218673509,
-0.5692289757704472,
0.2731006807236225,
0.5224336619399168,
-0.5558955108152150,
-0.2021465257231529,
0.5490578497656503,
-0.2276481485247409,
-0.2551855339654777,
0.5412429619214236,
-0.1663055298720964,
-0.5710650981224294,
0.5093317459589997,
0.3095924927169497,
-0.5858234851263330,
0.1154229521737223,
0.3493439281171111,
-0.4791362834991508,
0.0690221096471004,
0.5926386010064216,
-0.4690635183238065,
-0.3928970109962317,
0.6141083185845508,
-0.0257112365587041,
-0.4367975603005384,
0.4345465561077451,
0.0321451465339450,
-0.6346038753646094,
0.4048080383086343,
0.4894777744108024,
-0.6264860064602459,
-0.0871558801836581,
0.5251995619766706,
-0.3591792235905520,
-0.1424973385252480,
0.6135059592488565,
-0.3051290994355995,
-0.5386802705887951,
0.5902004908062698,
0.1919848659952170,
-0.5655972010734845,
0.2570894388554843,
0.2377696473077780,
-0.5680068346385690,
0.2101058175355736,
0.5810552608066917,
-0.5516846243172977,
-0.2909634026334853,
0.6045304591402670,
-0.1586227339311612,
-0.3410628065762701,
0.5271711571316382,
-0.1011551834635191,
-0.6212426853261694,
0.4943847256104565,
0.3903194898207832,
-0.6274887793455547,
0.0453567667609420,
0.4308553287558416,
-0.4582855909750147,
-0.0040569147411202,
0.6319386929381887,
-0.4294390626092681,
-0.4706569809858286,
0.6415722894588725,
0.0592322366381899,
-0.5139720966017465,
0.3903468017154617,
0.1160654824460830,
-0.6422517926040850,
0.3491092942384099,
0.5513284565522230,
-0.6314421808182252,
-0.1693063397440099,
0.5840636857256378,
-0.3025686640502004,
-0.2260214980904583,
0.6187070893308289,
-0.2508656677431253,
-0.6072789995158893,
0.5966856673183152,
0.2793482879600455,
-0.6304474594204075,
0.1971945481022896,
0.3256515844445667,
-0.5646314827209203,
0.1434682683953480,
0.6397828987238000,
-0.5557540068423822,
-0.3836541328877948,
0.6698820630158295,
-0.0916130118130085,
-0.4335224202489477,
0.5211415598865272,
-0.0341684575438739,
-0.6854593359052107,
0.4881304006720675,
0.4827607542071918,
-0.6846960729238026,
-0.0266822279821433,
0.5233957966655045,
-0.4437774053015112,
-0.0854806983782771,
0.6802763347037488,
-0.3880437407461705,
-0.5506579593532834,
0.6607126064716645,
0.1448228426329038,
-0.5855044160455478,
0.3399815298283002,
0.2034343891232394,
-0.6472742763853971,
0.2891290665486862,
0.6141013599415789,
-0.6310718738900799,
-0.2526723199182292,
0.6383291989652838,
-0.2404920710574052,
-0.3090451539709465,
0.6109267789787369,
-0.1868786054942282,
-0.6580238107459548,
0.5833452776428251,
0.3596620511037446,
-0.6744680223524006,
0.1293879311823268,
0.4069528587784730,
-0.5499057165745402,
0.0736323134605216,
0.6841268492780773,
-0.5173532136892707,
-0.4646880121784883,
0.6984088186995834,
-0.0042993349382922,
-0.5132043262618001,
0.4755361033174134,
0.0593480208874090,
-0.7074071638983938,
0.4343096555989370,
0.5620211097647900,
-0.6995585487678635,
-0.1206466731844213,
0.5993147807577452,
-0.3846011935615097,
-0.1792754915209373,
0.6858368155269652,
-0.3332946226189906,
-0.6205027568150493,
0.6657265108851294,
0.2325383621682392,
-0.6474850022443683,
0.2782563117674751,
0.2899141164350847,
-0.6393469710329461,
0.2204415874769206,
0.6674994401883477,
-0.6216609510590592,
-0.3321889826923556,
0.6836303969515284,
-0.1748422033978819,
-0.3867768751049211,
0.5925312995107682,
-0.1188288431855177,
-0.6992871326709236,
0.5598059901093860,
0.4357914956428252,
-0.7064553570190574,
0.0564662499007080,
0.4817319043314656,
-0.5192093624921673,
-0.0039184658650975,
0.7101972119605990,
-0.4696609343576371,
-0.5423020621146417,
0.7234310408871172,
0.0881955136630471,
-0.5938360225045214,
0.4241708453871076,
0.1541532405383687,
-0.7181815218177454,
0.3726137495599486,
0.6340482065645586,
-0.7068481716236165,
-0.2173124872627367,
0.6722293223515381,
-0.3179835805332599,
-0.2805031059187665,
0.6896203140099521,
-0.2649706774722084,
-0.6965471138938322,
0.6677023996305878,
0.3360114243776586,
-0.7221208329552943,
0.2051074404625092,
0.3911078356209800,
-0.6363337540205203,
0.1435219460900322,
0.7366483337935693,
-0.6048633620195200,
-0.4630066247912900,
0.7589268782808614,
-0.0668762379170277,
-0.5158818011393729,
0.5622326406302771,
0.0000449354588054,
-0.7680029689663672,
0.5185682005708480,
0.5668902717532531,
-0.7648351569143736,
-0.0680494879362910,
0.6100629486317737,
-0.4673221028055506,
-0.1341312381955379,
0.7561307113137392,
-0.4225476193066354,
-0.6343219393891678,
0.7424492794565438,
0.1824396172171668,
-0.6707421803518800,
0.3678072414050598,
0.2476000689840553,
-0.7245049563823486,
0.3086847340592752,
0.7011015745934758,
-0.7042034463764798,
-0.3107877065610987,
0.7305080124882503,
-0.2473003679380895,
-0.3721808616987790,
0.6770285132269613,
-0.1870975507388266,
-0.7496434606808343,
0.6439972348838638,
0.4279554485665216,
-0.7643768941615746,
0.1186008697283088,
0.4821094328577582,
-0.6032611562692622,
0.0519788905800290,
0.7724335026927051,
-0.5594048846777955,
-0.5394200631552865,
0.7789790576462671,
0.0210770587153186,
-0.5898798841003330,
0.5107230729905794,
0.0917898248871106,
-0.7799236823658042,
0.4593345805215053,
0.6376475121430306,
-0.7692661250134653,
-0.1606248298126806,
0.6756620961234329,
-0.4015344790476315,
-0.2257094198017907,
0.7508027835672946,
-0.3493767664662826,
-0.6972302735046586,
0.7278539088361199,
0.2775777630513946,
-0.7216423772298980,
0.2902926987455078,
0.3355083155007898,
-0.7008810595747251,
0.2290080417643962,
0.7425169383012066,
-0.6575328617838146,
-0.3981319475216249,
0.7538981942440817,
-0.1504533263773180,
-0.4553430138364683,
0.6202080024159761,
-0.0856528279167892,
-0.7665035997064976,
0.5806276839671334,
0.5079356881281767,
-0.7705452111838564,
0.0170468829039935,
0.5560633349771525,
-0.5335722841196515,
-0.0502555658610575,
0.7693274012197623,
-0.5063820190592202,
-0.6085428896399530,
0.8045005577172192,
0.1092451660030758,
-0.6685072810667512,
0.4627376558463779,
0.1824322587144629,
-0.7966500241692116,
0.4044697319629530,
0.7122739270980585,
-0.7841623110560025,
-0.2560595394143105,
0.7556749539207305,
-0.3451043118296815,
-0.3247701495645428,
0.7652227281844208,
-0.2808223221499473,
-0.7823041706111333,
0.7341497422033021,
0.3922790777538370,
-0.8098345998074689,
0.2026336832815599,
0.4595118490225869,
-0.6943572668032540,
0.1278220876585156,
0.8254514290335822,
-0.6442084601201686,
-0.5456724836332947,
0.8436915155578627,
-0.0376589446684880,
-0.5980720718697402,
0.5973544839592079,
0.0369782529971606,
-0.8469201856378648,
0.5445685960492568,
0.6503122079139584,
-0.8406692329316420,
-0.1118088980675123,
0.6943826299512639,
-0.4877151781175122,
-0.1831184759154044,
0.8281159680272824,
-0.4309335363567350,
-0.7253020113580501,
0.8070564258306226,
0.2533063926919261,
-0.7681687657486230,
0.3571210995704825,
0.3273755539334300,
-0.7821332917482330,
0.2860014046300597,
0.7990776856186169,
-0.7408935238622842,
-0.4017406393571850,
0.8174423460960742,
-0.2048679302424176,
-0.4652343313581219,
0.7028787561323925,
-0.1340529496930150,
-0.8322995430669236,
0.6601172934791871,
0.5253426356007508,
-0.8416960041294709,
0.0564709037929572,
0.5823481403273201,
-0.6101841066173118,
-0.0191083530072397,
0.8436491071745302,
-0.5878201734301813,
-0.6231870838155461,
0.8586880328125860,
0.0512324145954392,
-0.6689747116103322,
0.5416228326120868,
0.1273515780039437,
-0.8535133617998245,
0.4829571616214904,
0.7155765869309647,
-0.8392202189216941,
-0.1998428283242964,
0.7488064590830218,
-0.4252343897849796,
-0.2645509888699627,
0.8180251638049401,
-0.3607177483280996,
-0.7744694895266898,
0.7846284128919576,
0.3330144956545561,
-0.8004593186315822,
0.2795675481898527,
0.4020934831451559,
-0.7451862211837785,
0.2048287449454884,
0.8197900561401000,
-0.6962442360672112,
-0.4762984611349384,
0.8348875375862177,
-0.1211285967709854,
-0.5349164081992789,
0.6529143447596530,
-0.0483500564467728,
-0.8444711236804769,
0.6051166889289685,
0.5910668820264527,
-0.8452719923548944,
-0.0280989281167894,
0.6419064474199075,
-0.5511429684669648,
-0.1023509949918712,
0.8399168707117561,
-0.5041793969263275,
-0.6844013609214570,
0.8303743782668324,
0.1801621659376970,
-0.7352763559592712,
0.4265468216521627,
0.2567267647061043,
-0.8107140212973151,
0.3571205389663407,
0.7719305396534377,
-0.7838357120118561,
-0.3349965466815557,
0.8045092803846620,
-0.2831998238749585,
-0.4030198837975570,
0.7526877418594067,
-0.2136864178308699,
-0.8266946211483530,
0.7147908599385068,
0.4689264291627288,
-0.8452886459087325,
0.1336966422378933,
0.5328456621739369,
-0.6688810938006674,
0.0562158288393233,
0.8548412400533372,
-0.6891770437840397,
-0.6134642482619884,
0.9244060925408564,
-0.0136607541546411,
-0.6741713592561450,
0.6332067557255205,
0.0707626553092075,
-0.9233183944276030,
0.5704111029854174,
0.7301521584841463,
-0.9138044083871620,
-0.1554027445857259,
0.7810196358704541,
-0.5017461048138872,
-0.2387057102321616,
0.8968325652723186,
-0.4296703917011573,
-0.8195096211429771,
0.8691643000480072,
0.3179595438446105,
-0.8559084838389635,
0.3496019286034585,
0.3973030198475573,
-0.8348048510691399,
0.2687188400618247,
0.8842580753047649,
-0.7899448725698881,
-0.4748646611773666,
0.9035733031485965,
-0.1821529098157847,
-0.5448903247087995,
0.7435478431006962,
-0.1006422906296987,
-0.9168065911634894,
0.6921529196470185,
0.6099395080110099,
-0.9225771977405989,
0.0156763872104482,
0.6709044575866245,
-0.6337565652735987,
-0.0688680092100351,
0.9205905797452849,
-0.5731216736917695,
-0.7235149837223658,
0.9038787529169668,
0.1454143505210373,
-0.7661453864723545,
0.5016167589592370,
0.2285214007519666,
-0.8874062884204750,
0.4292723809575731,
0.8100704089740529,
-0.8632820724169069,
-0.3132714143686446,
0.8539369054940446,
-0.3483023127566224,
-0.3965280504362205,
0.8334491402272667,
-0.2710372590832966,
-0.8827663409007402,
0.7951525250143177,
0.4706344465376649,
-0.9054542920870313,
0.1879465399624378,
0.5419734522481272,
-0.7488550254453330,
0.1039575415282362,
0.9195364024947441,
-0.7424133893645746,
-0.5475056488188490,
0.9176969794504027,
-0.0977076319718524,
-0.6123541330353041,
0.6907510920339560,
-0.0145172860329295,
-0.9237400663233822,
0.6334087382182315,
0.6728189584255843,
-0.9214541299684786,
-0.0702682165783288,
0.7281574084248831,
-0.5696611164365210,
-0.1540667747948715,
0.9116363105953298,
-0.5028963194334092,
-0.7750356300927798,
0.8957111802159203,
0.2350609764359032,
-0.8206475322360641,
0.4298197019634785,
0.3170791101027618,
-0.8709118475067077,
0.3527072696205762,
0.8573566271465580,
-0.8349607148154330,
-0.4001545573253191,
0.8867403820829480,
-0.2660728059522066,
-0.4760257359470880,
0.7942054205311360,
-0.1854415203064602,
-0.9069879074642310,
0.7484261298096265,
0.5460544218759048,
-0.9214694473475710,
0.1005171022141923,
0.6126589811215759,
-0.6952761781398825,
0.0152523068320395,
0.9270923239820449,
-0.6404141405543797,
-0.6783492349739444,
0.9315270815664107,
0.0702818671926672,
-0.7358882478601775,
0.5755888687978069,
0.1562247710579914,
-0.9215041368092205,
0.5050708993683840,
0.7859272289931474,
-0.9003518201943804,
-0.2418936972541229,
0.8244513260096114,
-0.4227042512093223,
-0.3237236022423789,
0.8671298564593632,
-0.3473246541386846,
-0.8550731592953087,
0.8328329184245845,
0.3988027905478445,
-0.8833771147165100,
0.2668197955950685,
0.4726739325137580,
-0.7915575293918286,
0.1844517417406036,
0.9031565044156342,
-0.8343937288944968,
-0.5511688536025390,
-0.7799789064373563,
-0.6258058049529308,
-0.7189095789633152,
-0.6951036018283813,
-0.6517067684419429,
-0.7584710198596646,
-0.5789438255575637,
-0.8153674305788607,
-0.5012415380833755,
-0.8653074138708231,
-0.4192628345390525,
-0.9078648994064475,
-0.3337071283183575,
-0.9426768017244910,
-0.2453043505406723,
-0.9694461179487073,
-0.1548087225360540,
-0.9879444617116668,
-0.0629923210947775,
-0.9980140116667162,
0.0293615086196123,
-0.9995688579640627,
0.1214648362950361,
-0.9925957352033203,
0.2125318688144867,
-0.9771541356092301,
0.3017856543658401,
-0.9533758014649741,
0.3884647111207713,
-0.9214636011334663,
0.4718295239292225,
-0.8816897982560098,
0.5511688536019178,
-0.8343937288949070,
0.6258058049523503,
-0.7799789064378222,
0.6951036018278461,
-0.7189095789638326,
0.7584710198591795,
-0.6517067684425075,
0.8153674305784298,
-0.5789438255581707,
0.8653074138704501,
-0.5012415380840196,
0.9078648994061355,
-0.4192628345397283,
0.9426768017242426,
-0.3337071283190591,
0.9694461179485248,
-0.2453043505413939,
0.9879444617115516,
-0.1548087225367894,
0.9980140116666694,
-0.0629923210955204,
0.9995688579640845,
0.0293615086188682,
0.9925957352034108,
0.1214648362942972,
0.9771541356093884,
0.2125318688137593,
0.9533758014651987,
0.3017856543651304,
0.9214636011337554,
0.3884647111200854,
0.8816897982563610,
0.4718295239285662,
0.8343937288953173,
0.5511688536012967,
0.7799789064382880,
0.6258058049517696,
0.7189095789643500,
0.6951036018273110,
0.6517067684430721,
0.7584710198586944,
0.5789438255587775,
0.8153674305779988,
0.5012415380846637,
0.8653074138700769,
0.4192628345404040,
0.9078648994058234,
0.3337071283197608,
0.9426768017239942,
0.2453043505421155,
0.9694461179483421,
0.1548087225375248,
0.9879444617114364,
0.0629923210962633,
0.9980140116666225,
-0.0293615086181242,
0.9995688579641063,
-0.1214648362935584,
0.9925957352035012,
-0.2125318688130320,
0.9771541356095466,
-0.3017856543644208,
0.9533758014654233,
-0.3884647111193995,
0.9214636011340446,
-0.4718295239279099,
0.8816897982567122,
-0.5511688536006757,
0.8343937288957276,
-0.6258058049511891,
0.7799789064387538,
-0.6951036018267759,
0.7189095789648674,
-0.7584710198582093,
0.6517067684436366,
-0.8153674305775679,
0.5789438255593845,
-0.8653074138697039,
0.5012415380853078,
-0.9078648994055113,
0.4192628345410798,
-0.9426768017237458,
0.3337071283204625,
-0.9694461179481596,
0.2453043505428371,
-0.9879444617113211,
0.1548087225382602,
-0.9980140116665756,
0.0629923210970062,
-0.9995688579641282,
-0.0293615086173802,
-0.9925957352035916,
-0.1214648362928196,
-0.9771541356097048,
-0.2125318688123046,
-0.9533758014656480,
-0.3017856543637111,
-0.9214636011343337,
-0.3884647111187136,
-0.8816897982570634,
-0.4718295239272536,
]

triangles = [
0, 1, 3,
1, 6, 3,
3, 8, 0,
0, 4, 1,
1, 9, 6,
5, 2, 0,
0, 2, 4,
6, 11, 3,
3, 16, 8,
8, 5, 0,
4, 9, 1,
11, 16, 3,
9, 14, 6,
6, 19, 11,
14, 19, 6,
15, 7, 2,
2, 7, 4,
4, 17, 9,
21, 13, 8,
8, 13, 5,
5, 10, 2,
16, 21, 8,
18, 10, 5,
32, 24, 11,
11, 24, 16,
16, 29, 21,
12, 17, 4,
9, 22, 14,
17, 22, 9,
14, 27, 19,
7, 12, 4,
19, 32, 11,
24, 29, 16,
13, 18, 5,
23, 15, 10,
10, 15, 2,
7, 20, 12,
35, 27, 14,
19, 40, 32,
15, 20, 7,
42, 34, 21,
21, 34, 13,
13, 26, 18,
43, 35, 22,
22, 35, 14,
45, 37, 24,
24, 37, 29,
29, 42, 21,
38, 30, 17,
17, 30, 22,
25, 17, 12,
61, 40, 27,
27, 40, 19,
32, 45, 24,
34, 26, 13,
31, 23, 10,
31, 10, 18,
15, 28, 20,
53, 45, 32,
50, 42, 29,
39, 31, 18,
33, 25, 12,
36, 28, 15,
20, 33, 12,
71, 50, 37,
37, 50, 29,
41, 33, 20,
40, 53, 32,
51, 43, 30,
30, 43, 22,
35, 48, 27,
59, 38, 25,
25, 38, 17,
60, 39, 26,
26, 39, 18,
44, 36, 23,
47, 26, 34,
56, 48, 35,
40, 74, 53,
66, 58, 45,
45, 58, 37,
48, 61, 27,
55, 34, 42,
55, 47, 34,
44, 23, 31,
23, 36, 15,
28, 41, 20,
76, 55, 42,
52, 44, 31,
49, 41, 28,
33, 46, 25,
77, 56, 43,
43, 56, 35,
48, 82, 61,
72, 51, 38,
38, 51, 30,
84, 63, 50,
50, 63, 42,
58, 71, 37,
87, 66, 53,
53, 66, 45,
58, 92, 71,
61, 74, 40,
73, 52, 39,
39, 52, 31,
54, 46, 33,
81, 60, 47,
47, 60, 26,
70, 49, 36,
36, 49, 28,
41, 54, 33,
46, 59, 25,
85, 64, 51,
51, 64, 43,
75, 54, 41,
46, 80, 59,
97, 76, 63,
63, 76, 42,
55, 68, 47,
74, 87, 53,
105, 84, 71,
79, 58, 66,
71, 84, 50,
90, 69, 56,
56, 69, 48,
61, 95, 74,
74, 108, 87,
100, 79, 66,
89, 68, 55,
94, 73, 60,
60, 73, 39,
65, 57, 44,
59, 72, 38,
65, 44, 52,
44, 57, 36,
69, 82, 48,
79, 92, 58,
98, 77, 64,
64, 77, 43,
82, 95, 61,
83, 62, 49,
49, 62, 41,
86, 65, 52,
91, 70, 57,
57, 70, 36,
68, 81, 47,
76, 89, 55,
68, 102, 81,
110, 89, 76,
92, 105, 71,
84, 97, 63,
118, 97, 84,
88, 67, 54,
54, 67, 46,
59, 93, 72,
106, 85, 72,
72, 85, 51,
87, 100, 66,
79, 113, 92,
92, 126, 105,
121, 100, 87,
95, 108, 74,
77, 90, 56,
69, 103, 82,
82, 116, 95,
111, 90, 77,
96, 75, 62,
62, 75, 41,
73, 86, 52,
104, 83, 70,
107, 86, 73,
115, 94, 81,
81, 94, 60,
101, 80, 67,
67, 80, 46,
80, 93, 59,
78, 57, 65,
70, 83, 49,
119, 98, 85,
85, 98, 64,
134, 113, 79,
124, 103, 90,
90, 103, 69,
95, 129, 108,
99, 78, 65,
142, 121, 108,
108, 121, 87,
100, 134, 79,
131, 110, 97,
97, 110, 76,
89, 102, 68,
139, 118, 105,
105, 118, 84,
123, 102, 89,
103, 116, 82,
109, 88, 75,
75, 88, 54,
80, 114, 93,
78, 91, 57,
113, 126, 92,
93, 106, 72,
128, 107, 94,
94, 107, 73,
86, 99, 65,
116, 129, 95,
132, 111, 98,
98, 111, 77,
155, 134, 100,
113, 147, 126,
117, 96, 83,
83, 96, 62,
120, 99, 86,
78, 112, 91,
125, 104, 91,
91, 104, 70,
102, 115, 81,
110, 123, 89,
102, 136, 115,
144, 123, 110,
111, 124, 90,
103, 137, 116,
116, 150, 129,
152, 131, 118,
118, 131, 97,
122, 101, 88,
88, 101, 67,
93, 127, 106,
160, 139, 126,
126, 139, 105,
129, 142, 108,
121, 155, 100,
140, 119, 106,
106, 119, 85,
111, 145, 124,
158, 137, 103,
129, 163, 142,
101, 114, 80,
115, 128, 94,
107, 120, 86,
176, 155, 121,
168, 147, 113,
130, 109, 96,
96, 109, 75,
141, 120, 107,
133, 112, 78,
168, 113, 134,
114, 127, 93,
153, 132, 119,
119, 132, 98,
133, 78, 99,
157, 136, 102,
115, 149, 128,
171, 150, 116,
138, 117, 104,
104, 117, 83,
165, 110, 131,
165, 144, 110,
123, 157, 102,
173, 118, 139,
173, 152, 118,
109, 122, 88,
101, 135, 114,
143, 122, 109,
112, 125, 91,
189, 168, 134,
166, 145, 111,
124, 158, 103,
137, 171, 116,
181, 160, 147,
147, 160, 126,
127, 140, 106,
154, 133, 99,
112, 146, 125,
179, 158, 124,
150, 163, 129,
142, 176, 121,
155, 189, 134,
197, 176, 142,
162, 141, 128,
128, 141, 107,
120, 154, 99,
186, 165, 131,
194, 173, 139,
152, 186, 131,
178, 123, 144,
178, 157, 123,
170, 149, 115,
151, 130, 117,
117, 130, 96,
156, 101, 122,
156, 135, 101,
114, 148, 127,
127, 161, 140,
192, 171, 137,
150, 184, 163,
170, 115, 136,
210, 189, 155,
215, 194, 160,
174, 153, 119,
132, 166, 111,
159, 138, 125,
125, 138, 104,
187, 166, 132,
145, 179, 124,
175, 154, 120,
167, 146, 112,
175, 120, 141,
169, 148, 114,
140, 174, 119,
164, 143, 109,
160, 194, 139,
207, 186, 152,
181, 147, 202,
207, 152, 173,
199, 178, 144,
218, 197, 163,
163, 197, 142,
176, 210, 155,
191, 170, 136,
202, 147, 168,
205, 184, 150,
199, 144, 165,
157, 191, 136,
183, 162, 149,
149, 162, 128,
200, 179, 145,
158, 192, 137,
171, 205, 150,
148, 161, 127,
167, 112, 133,
177, 156, 122,
135, 169, 114,
213, 192, 158,
195, 174, 140,
153, 187, 132,
172, 117, 138,
172, 151, 117,
130, 164, 109,
223, 202, 168,
228, 173, 194,
223, 168, 189,
196, 175, 141,
188, 167, 133,
231, 210, 176,
185, 164, 130,
143, 177, 122,
212, 191, 157,
204, 183, 149,
190, 169, 135,
148, 182, 161,
208, 187, 153,
166, 200, 145,
188, 133, 154,
220, 199, 165,
178, 212, 157,
180, 159, 146,
146, 159, 125,
215, 160, 181,
228, 207, 173,
186, 220, 165,
226, 205, 171,
252, 231, 197,
193, 172, 138,
151, 185, 130,
221, 200, 166,
247, 226, 192,
192, 226, 171,
244, 223, 189,
161, 195, 140,
174, 208, 153,
216, 195, 161,
209, 188, 154,
214, 193, 159,
162, 196, 141,
175, 209, 154,
204, 149, 170,
217, 196, 162,
198, 177, 143,
156, 190, 135,
236, 181, 202,
236, 215, 181,
197, 231, 176,
210, 244, 189,
218, 163, 184,
239, 218, 184,
249, 228, 194,
241, 220, 186,
241, 186, 207,
233, 212, 178,
203, 148, 169,
203, 182, 148,
211, 190, 156,
213, 158, 179,
205, 239, 184,
206, 185, 151,
164, 198, 143,
234, 213, 179,
225, 170, 191,
225, 204, 170,
183, 217, 162,
265, 244, 210,
257, 236, 202,
229, 208, 174,
187, 221, 166,
229, 174, 195,
233, 178, 199,
159, 193, 138,
172, 206, 151,
180, 146, 201,
257, 202, 223,
215, 249, 194,
201, 146, 167,
307, 252, 218,
218, 252, 197,
231, 265, 210,
242, 221, 187,
200, 234, 179,
304, 249, 215,
262, 241, 207,
219, 198, 164,
245, 224, 190,
230, 209, 175,
222, 201, 167,
260, 239, 205,
262, 207, 228,
254, 233, 199,
224, 203, 169,
250, 229, 195,
246, 225, 191,
254, 199, 220,
212, 246, 191,
213, 247, 192,
226, 260, 205,
302, 247, 213,
255, 234, 200,
222, 167, 188,
278, 257, 223,
236, 270, 215,
216, 161, 182,
208, 242, 187,
227, 172, 193,
227, 206, 172,
185, 219, 164,
238, 217, 183,
196, 230, 175,
238, 183, 204,
301, 246, 212,
259, 238, 204,
237, 216, 182,
251, 230, 196,
243, 222, 188,
263, 242, 208,
221, 255, 200,
275, 254, 220,
233, 267, 212,
190, 224, 169,
203, 237, 182,
211, 156, 177,
243, 188, 209,
232, 177, 198,
232, 211, 177,
286, 231, 252,
286, 265, 231,
244, 278, 223,
240, 219, 185,
281, 260, 226,
239, 273, 218,
283, 228, 249,
283, 262, 228,
241, 275, 220,
259, 204, 225,
217, 251, 196,
276, 255, 221,
234, 268, 213,
247, 281, 226,
216, 250, 195,
229, 263, 208,
284, 250, 305,
248, 227, 193,
206, 240, 185,
214, 159, 180,
214, 180, 235,
235, 180, 201,
299, 278, 244,
291, 270, 236,
306, 251, 217,
264, 243, 209,
291, 236, 257,
264, 209, 230,
256, 235, 201,
253, 232, 198,
211, 245, 190,
258, 237, 203,
294, 273, 239,
270, 304, 215,
273, 307, 218,
307, 286, 252,
265, 299, 244,
354, 299, 265,
300, 245, 211,
224, 258, 203,
304, 283, 249,
296, 241, 262,
296, 275, 241,
280, 225, 246,
261, 240, 206,
219, 253, 198,
359, 338, 304,
312, 291, 257,
312, 257, 278,
280, 259, 225,
238, 272, 217,
267, 233, 288,
256, 201, 222,
214, 248, 193,
289, 268, 234,
302, 281, 247,
260, 294, 239,
303, 248, 214,
227, 261, 206,
268, 302, 213,
288, 233, 254,
317, 296, 262,
315, 294, 260,
362, 341, 307,
274, 253, 219,
232, 266, 211,
284, 263, 229,
242, 276, 221,
255, 289, 234,
284, 229, 250,
267, 301, 212,
297, 276, 242,
309, 254, 275,
309, 288, 254,
267, 356, 301,
279, 258, 224,
305, 250, 216,
279, 224, 245,
277, 256, 222,
235, 269, 214,
310, 289, 255,
357, 336, 302,
301, 280, 246,
285, 264, 230,
243, 277, 222,
285, 230, 251,
367, 312, 278,
338, 283, 304,
293, 238, 259,
293, 272, 238,
263, 297, 242,
276, 310, 255,
305, 216, 271,
263, 352, 297,
272, 306, 217,
282, 227, 248,
282, 261, 227,
240, 274, 219,
271, 216, 237,
292, 271, 237,
364, 309, 275,
288, 322, 267,
314, 293, 259,
272, 361, 306,
306, 285, 251,
375, 320, 286,
286, 320, 265,
299, 333, 278,
341, 286, 307,
298, 243, 264,
298, 277, 243,
290, 269, 235,
287, 232, 253,
287, 266, 232,
300, 279, 245,
258, 292, 237,
372, 317, 283,
283, 317, 262,
296, 330, 275,
304, 270, 359,
266, 300, 211,
295, 274, 240,
370, 315, 281,
281, 315, 260,
362, 307, 273,
336, 281, 302,
353, 298, 264,
320, 354, 265,
290, 235, 256,
365, 310, 276,
357, 302, 268,
362, 273, 328,
320, 443, 354,
359, 270, 325,
354, 333, 299,
325, 270, 291,
325, 291, 346,
346, 291, 312,
333, 367, 278,
313, 292, 258,
360, 339, 305,
269, 303, 214,
328, 273, 294,
303, 282, 248,
261, 295, 240,
308, 287, 253,
355, 334, 300,
349, 328, 294,
341, 375, 286,
320, 375, 409,
351, 330, 296,
316, 295, 261,
274, 308, 253,
311, 256, 277,
311, 290, 256,
358, 337, 303,
338, 372, 283,
317, 351, 296,
427, 372, 338,
357, 268, 323,
315, 349, 294,
325, 414, 359,
401, 346, 312,
440, 351, 317,
323, 268, 289,
398, 364, 419,
330, 364, 275,
343, 322, 288,
315, 370, 404,
336, 370, 281,
438, 349, 315,
375, 341, 430,
343, 288, 309,
369, 314, 280,
280, 314, 259,
363, 308, 274,
344, 323, 289,
335, 280, 301,
293, 327, 272,
322, 356, 267,
356, 335, 301,
373, 318, 284,
284, 318, 263,
331, 365, 276,
310, 344, 289,
339, 284, 305,
398, 343, 309,
322, 411, 356,
331, 276, 297,
352, 331, 297,
399, 344, 310,
391, 336, 357,
366, 311, 277,
337, 282, 303,
335, 369, 280,
424, 369, 335,
318, 352, 263,
279, 313, 258,
360, 305, 271,
368, 313, 279,
334, 279, 300,
300, 266, 355,
285, 319, 264,
298, 332, 277,
374, 319, 285,
340, 285, 306,
348, 293, 314,
348, 327, 293,
360, 271, 326,
441, 386, 352,
327, 361, 272,
361, 340, 306,
326, 271, 292,
437, 348, 314,
327, 416, 361,
318, 373, 407,
339, 373, 284,
347, 326, 292,
371, 316, 282,
282, 316, 261,
295, 329, 274,
303, 269, 358,
442, 353, 319,
319, 353, 264,
429, 374, 340,
340, 374, 285,
355, 266, 321,
313, 347, 292,
422, 401, 367,
367, 401, 312,
380, 414, 325,
359, 393, 338,
422, 367, 333,
388, 333, 354,
353, 332, 298,
321, 266, 287,
321, 287, 342,
342, 287, 308,
332, 366, 277,
358, 269, 324,
409, 375, 430,
409, 443, 320,
341, 362, 396,
402, 368, 423,
334, 368, 279,
269, 290, 324,
443, 388, 354,
350, 329, 295,
324, 290, 345,
345, 290, 311,
380, 325, 346,
372, 406, 317,
414, 393, 359,
388, 422, 333,
396, 362, 417,
435, 380, 346,
435, 346, 401,
417, 328, 383,
417, 362, 328,
402, 347, 313,
394, 339, 360,
396, 430, 341,
329, 363, 274,
383, 328, 349,
427, 406, 372,
351, 385, 330,
364, 398, 309,
393, 427, 338,
406, 440, 317,
483, 435, 401,
419, 364, 330,
343, 377, 322,
356, 390, 335,
337, 371, 282,
316, 350, 295,
426, 371, 337,
363, 342, 308,
389, 334, 355,
418, 397, 363,
439, 350, 316,
438, 383, 349,
438, 315, 404,
404, 370, 425,
370, 336, 425,
391, 357, 412,
440, 385, 351,
400, 345, 311,
413, 392, 358,
385, 419, 330,
412, 357, 323,
391, 425, 336,
378, 323, 344,
378, 412, 323,
399, 310, 365,
432, 343, 398,
432, 377, 343,
369, 403, 314,
420, 399, 365,
420, 365, 331,
420, 331, 386,
377, 411, 322,
433, 378, 344,
411, 390, 356,
473, 432, 398,
377, 471, 411,
390, 424, 335,
382, 416, 327,
424, 403, 369,
361, 395, 340,
386, 331, 352,
399, 433, 344,
498, 433, 499,
441, 352, 318,
441, 318, 407,
407, 373, 428,
373, 339, 428,
467, 437, 403,
403, 437, 314,
394, 360, 415,
382, 327, 348,
374, 408, 319,
437, 382, 348,
416, 395, 361,
353, 387, 332,
415, 360, 326,
394, 428, 339,
381, 415, 326,
381, 326, 347,
395, 429, 340,
421, 400, 366,
366, 400, 311,
429, 408, 374,
408, 442, 319,
423, 368, 334,
368, 402, 313,
389, 355, 410,
421, 366, 332,
413, 358, 324,
358, 392, 337,
436, 381, 347,
442, 387, 353,
410, 355, 321,
387, 421, 332,
389, 423, 334,
376, 410, 321,
376, 321, 342,
376, 342, 431,
508, 436, 509,
402, 436, 347,
485, 484, 422,
422, 484, 401,
435, 482, 380,
380, 481, 414,
414, 480, 393,
485, 422, 388,
485, 388, 486,
388, 443, 486,
486, 443, 487,
484, 483, 401,
393, 479, 427,
487, 409, 488,
487, 443, 409,
409, 430, 488,
397, 342, 363,
483, 482, 435,
488, 430, 489,
430, 396, 489,
482, 481, 380,
427, 478, 406,
406, 477, 440,
413, 324, 379,
405, 439, 316,
418, 363, 329,
489, 396, 490,
379, 324, 345,
481, 480, 414,
440, 476, 385,
434, 345, 400,
434, 379, 345,
418, 329, 384,
490, 417, 491,
490, 396, 417,
405, 316, 371,
480, 479, 393,
385, 475, 419,
426, 405, 371,
384, 329, 350,
491, 417, 383,
491, 383, 492,
383, 438, 492,
392, 426, 337,
479, 478, 427,
419, 474, 398,
439, 384, 350,
492, 438, 493,
478, 477, 406,
457, 434, 400,
493, 438, 404,
493, 404, 494,
404, 425, 494,
477, 476, 440,
397, 431, 342,
511, 389, 444,
376, 431, 446,
425, 391, 495,
494, 425, 495,
391, 496, 495,
476, 475, 385,
432, 472, 377,
391, 412, 496,
475, 474, 419,
411, 470, 390,
496, 412, 497,
474, 473, 398,
390, 469, 424,
497, 412, 378,
497, 378, 498,
473, 472, 432,
433, 399, 499,
498, 378, 433,
472, 471, 377,
424, 468, 403,
499, 399, 500,
399, 420, 500,
471, 470, 411,
437, 466, 382,
500, 420, 501,
420, 386, 501,
470, 469, 390,
386, 441, 502,
501, 386, 502,
469, 468, 424,
382, 465, 416,
416, 464, 395,
502, 441, 503,
468, 467, 403,
395, 463, 429,
503, 441, 407,
503, 407, 504,
407, 428, 504,
467, 466, 437,
504, 428, 505,
428, 394, 505,
429, 462, 408,
466, 465, 382,
394, 415, 506,
505, 394, 506,
465, 464, 416,
408, 461, 442,
442, 460, 387,
506, 415, 507,
464, 463, 395,
387, 459, 421,
507, 381, 508,
507, 415, 381,
463, 462, 429,
421, 458, 400,
508, 381, 436,
462, 461, 408,
509, 402, 510,
509, 436, 402,
402, 423, 510,
461, 460, 442,
510, 423, 511,
423, 389, 511,
460, 459, 387,
434, 456, 379,
389, 410, 444,
459, 458, 421,
379, 455, 413,
413, 454, 392,
444, 410, 445,
458, 457, 400,
392, 453, 426,
445, 376, 446,
445, 410, 376,
457, 456, 434,
446, 431, 447,
431, 397, 447,
456, 455, 379,
426, 452, 405,
405, 451, 439,
447, 397, 448,
397, 418, 448,
455, 454, 413,
448, 418, 449,
418, 384, 449,
454, 453, 392,
449, 384, 450,
453, 452, 426,
450, 384, 439,
452, 451, 405,
451, 450, 439,
]