vertices = [
-0.4594364637538730,
-0.4595911868257685,
-0.4027125135499460,
-0.4363706546038441,
-0.3462498100028249,
-0.4154603507663607,
-0.2913310539442337,
-0.3988205078964125,
-0.2401584594236017,
-0.3874620794787477,
-0.1913127203207487,
-0.3789919400405649,
-0.1434529787234348,
-0.3733210253151432,
-0.0974929838160623,
-0.3669575638692358,
-0.0510992475596498,
-0.3872121736547578,
-0.0182781584771172,
-0.3632677912234887,
0.0204116593253801,
-0.3667275710280343,
0.0527652836731009,
-0.3872520912969319,
0.0970191302677043,
-0.3670398166089297,
0.1432166829144468,
-0.3732735298505780,
0.1912869986563319,
-0.3789899450088949,
0.2402670284447709,
-0.3875702677488039,
0.2918171472944847,
-0.3990484234274926,
0.3466406869275744,
-0.4157918231419651,
0.4033020980282161,
-0.4367293960465276,
0.4595952216988624,
-0.4594929144963125,
-0.4366578522517955,
-0.4032759251491028,
-0.3824185647754341,
-0.3823907355970452,
-0.3277070635706847,
-0.3637846875244933,
-0.2753902397091788,
-0.3504569136302979,
-0.2260286190443267,
-0.3417767165525210,
-0.1792931609016001,
-0.3357596831948543,
-0.1357438663174831,
-0.3309348782680518,
-0.0957990842856763,
-0.3198310562304268,
-0.0586438930805546,
-0.3430069257533881,
-0.0207912341334227,
-0.3196750170652116,
0.0188910699962539,
-0.3251034522888994,
0.0575610878519905,
-0.3414728259773674,
0.0949023609496402,
-0.3210310762273151,
0.1353945341205700,
-0.3307531455189081,
0.1791852184785426,
-0.3357662671034919,
0.2261805686807503,
-0.3419257861650874,
0.2754479730453701,
-0.3509046789851644,
0.3281500863352329,
-0.3642050689368133,
0.3824664801638449,
-0.3825179804089718,
0.4364236967362660,
-0.4028246981703913,
-0.4157481786735106,
-0.3465902745670835,
-0.3642232811776264,
-0.3281097086204368,
-0.3133317738243185,
-0.3127524636700245,
-0.2635438433371593,
-0.3033771431655828,
-0.2175092928623956,
-0.2959929976562253,
-0.1746385854185201,
-0.2916456821604145,
-0.1335363235641344,
-0.2869210869853153,
-0.0936743462146888,
-0.2760765441169616,
-0.0571637815018018,
-0.2964983685659938,
-0.0197284015433566,
-0.2771548604844907,
0.0197599841591024,
-0.2854320555601440,
0.0574572707384108,
-0.2948565583217722,
0.0939608806293879,
-0.2772751534387222,
0.1339771516598186,
-0.2873518763877793,
0.1748676226835135,
-0.2913336394040054,
0.2176888433663480,
-0.2965617748856202,
0.2640515324746383,
-0.3030542562872602,
0.3129571683000504,
-0.3131829031026213,
0.3638426228389908,
-0.3277711329467534,
0.4155119335927682,
-0.3463914379136624,
-0.3989729603897770,
-0.2917687118737161,
-0.3508470408540287,
-0.2752435305273505,
-0.3024500949225710,
-0.2644016016139024,
-0.2567270131451204,
-0.2560737859200087,
-0.2135580703625442,
-0.2503163813938175,
-0.1717467230640248,
-0.2488152438809123,
-0.1315557649335768,
-0.2436142159029056,
-0.0928214997336755,
-0.2357840906127585,
-0.0559885804768859,
-0.2513543544661806,
-0.0194529380106230,
-0.2355382364332599,
0.0150712347789858,
-0.2482739119036017,
0.0535721862329512,
-0.2481277163994187,
0.0902386890215492,
-0.2379419794678452,
0.1299028032429537,
-0.2459370451407861,
0.1706123974360762,
-0.2468359501112257,
0.2127145723914888,
-0.2513061310838846,
0.2566984288869277,
-0.2563559698008385,
0.3030438806568422,
-0.2638529090015111,
0.3505752874733842,
-0.2754163514964651,
0.3988480135842954,
-0.2917235495292388,
-0.3877391057268530,
-0.2403384839879295,
-0.3421682509609368,
-0.2263338775552356,
-0.2974746451068708,
-0.2174290812769060,
-0.2530241844199894,
-0.2118486084975981,
-0.2087695718989273,
-0.2066405437181955,
-0.1664229289447768,
-0.2091446693130500,
-0.1256194509912121,
-0.2007147156042338,
-0.0867287748847001,
-0.1992039556858718,
-0.0509223631212608,
-0.2088771850162564,
-0.0138700342158557,
-0.1971033537699084,
0.0231327755952131,
-0.2119993311682943,
0.0590455241375739,
-0.2008615793684202,
0.0973577923706448,
-0.2022944668974657,
0.1345290089189106,
-0.2062701256148071,
0.1713109033344787,
-0.2037516636738042,
0.2108932611843575,
-0.2082469599126011,
0.2536248410117332,
-0.2119060349639557,
0.2976727574908267,
-0.2171676641905988,
0.3423423196115297,
-0.2262881447295111,
0.3878542632076057,
-0.2404536375575971,
-0.3793521017684267,
-0.1915212907229340,
-0.3363975480397345,
-0.1794454233100634,
-0.2924591850116811,
-0.1739810667925939,
-0.2480297653052111,
-0.1710838052185624,
-0.2058796963260297,
-0.1642797858208496,
-0.1655395908273849,
-0.1722683257801522,
-0.1283474178934238,
-0.1602144122353088,
-0.0913168857149424,
-0.1627772150150742,
-0.0544108686729683,
-0.1691423853428483,
-0.0193502860542983,
-0.1590749775691813,
0.0189991680371897,
-0.1737184157105844,
0.0529961513148573,
-0.1587692213884086,
0.0885905087715610,
-0.1641571429136806,
0.1255887423502971,
-0.1687839318722326,
0.1645363577823773,
-0.1626134028925143,
0.2057848872932304,
-0.1668713663017536,
0.2485033051035862,
-0.1704108857372866,
0.2925326069392124,
-0.1737315026008448,
0.3363606296041358,
-0.1794743197720510,
0.3793030742101596,
-0.1915280251903731,
-0.3733730262439759,
-0.1436520050370745,
-0.3311115661008724,
-0.1357296931533015,
-0.2869380031971776,
-0.1335292401124034,
-0.2446506036617132,
-0.1313660138610868,
-0.2041386953993746,
-0.1234098381601706,
-0.1672560219585482,
-0.1348718850256538,
-0.1306813318755053,
-0.1223112092298504,
-0.0952921566419657,
-0.1264953903210542,
-0.0569867416015711,
-0.1295927383095114,
-0.0196979892623141,
-0.1209229125768201,
0.0162134134295065,
-0.1362798209729401,
0.0524207084069943,
-0.1205403103231019,
0.0891038435205243,
-0.1261901223661137,
0.1267665616459215,
-0.1327318986212911,
0.1640504798540053,
-0.1227536786171278,
0.2022502517527302,
-0.1273740086560660,
0.2437050646903563,
-0.1309002956973045,
0.2870179214377512,
-0.1333965988207290,
0.3312929903390063,
-0.1358482078583627,
0.3734185459217733,
-0.1436411784645272,
-0.3671253352181950,
-0.0975535131585964,
-0.3201082939169543,
-0.0957641302309672,
-0.2763326122979322,
-0.0935187289271097,
-0.2360512996728373,
-0.0920977874036059,
-0.1993007496508679,
-0.0847285830038406,
-0.1626944168107166,
-0.0975515814655346,
-0.1236767291456899,
-0.0855204238118251,
-0.0842748520864693,
-0.0925262944061829,
-0.0490394151365563,
-0.0898106142316606,
-0.0157066847562960,
-0.0831071941311004,
0.0171918614049755,
-0.0990636570637081,
0.0525616570585865,
-0.0838482994559401,
0.0890911386517669,
-0.0891821229677850,
0.1249322617532330,
-0.0956884891087075,
0.1603122014349707,
-0.0865387659909563,
0.1977890121062191,
-0.0877114789671258,
0.2354392705224536,
-0.0922622051257864,
0.2760752788997421,
-0.0936218978380947,
0.3205710677143154,
-0.0960219009953720,
0.3673677054337437,
-0.0974608998425640,
-0.3871234907959420,
-0.0510041596570060,
-0.3428310460904303,
-0.0584480174814966,
-0.2958741066137380,
-0.0573568121469320,
-0.2494905937827445,
-0.0560236891389384,
-0.2048238892701333,
-0.0485712830663793,
-0.1640589990505115,
-0.0612746407500698,
-0.1275590068999330,
-0.0468538990325136,
-0.0934950159301934,
-0.0576678309593607,
-0.0574590100886933,
-0.0534728420858271,
-0.0198196104942442,
-0.0472366234649587,
0.0162426394546058,
-0.0605825038864947,
0.0498400143052766,
-0.0483840105742165,
0.0852808581460532,
-0.0532087367020968,
0.1240145773020768,
-0.0572701541398997,
0.1648401313006347,
-0.0519395418746129,
0.2071689146870263,
-0.0508422453374342,
0.2498388401914024,
-0.0555557036264234,
0.2972393184436082,
-0.0583580784065202,
0.3433341234883783,
-0.0582307157945141,
0.3872464701303747,
-0.0509643896495190,
-0.3629611835245740,
-0.0181256501077697,
-0.3190400792593207,
-0.0208440568871116,
-0.2759104371686633,
-0.0203465516000882,
-0.2352462548356718,
-0.0196613677501499,
-0.1992377070171865,
-0.0100518964549593,
-0.1633741640765015,
-0.0252695497028084,
-0.1267533509669455,
-0.0108867270269645,
-0.0873845623533561,
-0.0219171358089538,
-0.0493449345740453,
-0.0168264577660481,
-0.0133226965296250,
-0.0125844414317377,
0.0203443842180501,
-0.0219282356710684,
0.0575302258449956,
-0.0135643848859899,
0.0941105666407806,
-0.0188994662557476,
0.1284611853798918,
-0.0201010657448990,
0.1631539617549751,
-0.0163871736668710,
0.1986394128333518,
-0.0138911634745506,
0.2375266869105285,
-0.0162099186384929,
0.2770830588561421,
-0.0239183732160468,
0.3202741350122143,
-0.0206046712107982,
0.3634615409908235,
-0.0176759651770878,
-0.3666605395225045,
0.0205773827368912,
-0.3248525616498360,
0.0192491432658368,
-0.2844769781925064,
0.0183694286021850,
-0.2449370731582839,
0.0158955388219265,
-0.2059310672264267,
0.0260984586165182,
-0.1651614608069896,
0.0119076284220789,
-0.1291637562358545,
0.0261502077960581,
-0.0960160759172411,
0.0123182925663125,
-0.0620700927069567,
0.0181166796667762,
-0.0263988757661535,
0.0208031719699198,
0.0126783285472088,
0.0167845129026108,
0.0499157403921221,
0.0204089021670753,
0.0898377987723237,
0.0172796286383321,
0.1307165097068967,
0.0163982953008672,
0.1714103755554902,
0.0196498608868359,
0.2125399175320339,
0.0218249377736252,
0.2511473510694684,
0.0219089792235078,
0.2867559614782575,
0.0126616051173181,
0.3254374258814611,
0.0201788979972873,
0.3667108634176624,
0.0209905478849615,
-0.3872644324931901,
0.0528643682740044,
-0.3415880084167957,
0.0578871904214070,
-0.2949081078751208,
0.0568920814127317,
-0.2487799455770879,
0.0536983165138667,
-0.2041321116002158,
0.0614129083175101,
-0.1654327483604870,
0.0480240036067562,
-0.1274812269824353,
0.0613498687388507,
-0.0899845217093593,
0.0480770801749230,
-0.0518478905484231,
0.0559215508490514,
-0.0121346138498476,
0.0539108515358582,
0.0235467024727444,
0.0534491901498242,
0.0577531724890463,
0.0553391104142257,
0.0895355746055109,
0.0538877212220447,
0.1217519670271734,
0.0505865008706557,
0.1570238415276061,
0.0538285341667058,
0.1977726929046701,
0.0555078993146859,
0.2433310087325630,
0.0592847004865022,
0.2921002032590710,
0.0533993336147291,
0.3406942010929893,
0.0586286314742637,
0.3870996900163877,
0.0529842822803958,
-0.3670145217194283,
0.0971433064167266,
-0.3207626450871363,
0.0949991348036806,
-0.2769835358691631,
0.0940042696635799,
-0.2378646569994953,
0.0904549751771680,
-0.2006214267951724,
0.0980946103082412,
-0.1642493859983693,
0.0848638857713814,
-0.1276092927696323,
0.0981432178867414,
-0.0941735464886312,
0.0843194253323472,
-0.0607794660178403,
0.0919823648104147,
-0.0257679435977616,
0.0896506619706065,
0.0100512485671581,
0.0897078015689032,
0.0463544904408293,
0.0902784841458057,
0.0840081912888598,
0.0902126492839586,
0.1225655584883102,
0.0879365343493965,
0.1623528389187385,
0.0896867844061353,
0.2019161117094243,
0.0908172846476484,
0.2400237204751747,
0.0974605796117172,
0.2784787819467346,
0.0911031450459136,
0.3204562095321141,
0.0947702644799661,
0.3670578975409211,
0.0973120520730538,
-0.3732631907531784,
0.1432096339061199,
-0.3307901519247601,
0.1354592020905574,
-0.2870653772595633,
0.1338496216032625,
-0.2436230721765379,
0.1299961441330021,
-0.2022999524026715,
0.1323203707802725,
-0.1614094634760035,
0.1243322473923890,
-0.1225678787693218,
0.1325962026601240,
-0.0857850974860184,
0.1240483559827166,
-0.0471883604846999,
0.1273235240528038,
-0.0102079408108794,
0.1263937132936007,
0.0260168269250407,
0.1265262697017027,
0.0623029428157101,
0.1261238683073460,
0.0987762269254546,
0.1259034793490605,
0.1349961292832899,
0.1256229768374781,
0.1709683833020892,
0.1274686986461749,
0.2062876454041596,
0.1289465393562534,
0.2444651162688381,
0.1342932339199559,
0.2862107630609166,
0.1319562829497619,
0.3308797718849808,
0.1353379090538142,
0.3733479466070287,
0.1432613018182539,
-0.3789543488393683,
0.1911452927172135,
-0.3357797358910246,
0.1790859115324762,
-0.2915109455914574,
0.1748864011994478,
-0.2485815826829288,
0.1707327503680021,
-0.2079165386642326,
0.1700711476439982,
-0.1700905640024873,
0.1624956450818453,
-0.1346865100268498,
0.1674589873876804,
-0.0973953741818897,
0.1637331015506351,
-0.0614280552180885,
0.1640171234826647,
-0.0256885031933674,
0.1639634716118394,
0.0112090289234620,
0.1644229031576903,
0.0472526068897347,
0.1638373876339523,
0.0840408932711916,
0.1624603560521681,
0.1221751896123235,
0.1633930330696318,
0.1615446123957370,
0.1659212570789568,
0.2033116753257302,
0.1681599605114845,
0.2473701443197719,
0.1717019165656422,
0.2919888680684851,
0.1730701090634445,
0.3360616293154754,
0.1791657441187358,
0.3791997159986888,
0.1913105493341863,
-0.3873954811946207,
0.2399467637748458,
-0.3417217882228675,
0.2259073648963324,
-0.2965520790571451,
0.2177914664603363,
-0.2506413715497520,
0.2129427606199636,
-0.2069689455287428,
0.2104338481586921,
-0.1649752678743365,
0.2041422730232797,
-0.1235590996409131,
0.2039261169286659,
-0.0840388893708316,
0.2008037749227669,
-0.0473657393569527,
0.2049887668957001,
-0.0098923606218615,
0.2005249013556570,
0.0255969041730810,
0.2053458515198492,
0.0602724183142829,
0.2028544721477018,
0.0946499012449181,
0.1993697287724296,
0.1304850901814048,
0.2029519627231297,
0.1690883029632871,
0.2062893339628272,
0.2103451427964319,
0.2085258960996570,
0.2537138042971601,
0.2120960008281025,
0.2975887312613180,
0.2171175283442184,
0.3421611146958870,
0.2262221006037007,
0.3876196156983688,
0.2402562588692337,
-0.3988024616436628,
0.2908792475874424,
-0.3502031805882180,
0.2749790397593639,
-0.3023643297740318,
0.2645215850855583,
-0.2563934881256474,
0.2567949108232357,
-0.2121041307184364,
0.2536803125012687,
-0.1711345047117130,
0.2476578193213880,
-0.1321226669064441,
0.2441579244091483,
-0.0945660447283038,
0.2372157222421838,
-0.0570080114339871,
0.2473450103104341,
-0.0166402843643170,
0.2382760508480588,
0.0205891709321747,
0.2467417974834059,
0.0571104396207764,
0.2467172467118625,
0.0941866022094157,
0.2373868739481064,
0.1320371841870969,
0.2443424420041029,
0.1718302576260808,
0.2483794334184770,
0.2135183185278142,
0.2511820088601397,
0.2568742021029176,
0.2563797865259665,
0.3029105904859556,
0.2642338598036075,
0.3508516502947676,
0.2753185582001260,
0.3991583899673919,
0.2916072464369365,
-0.4156444121839621,
0.3461535528674518,
-0.3645173451703373,
0.3271605115654621,
-0.3131495679183488,
0.3131290278076747,
-0.2634417147414603,
0.3038983434959410,
-0.2172098988876844,
0.2974930930475924,
-0.1737429703007922,
0.2923358795355553,
-0.1332658710518153,
0.2867566287985783,
-0.0933850547916848,
0.2766265346712063,
-0.0581980423037965,
0.2962776111174669,
-0.0234535644018983,
0.2767631967672932,
0.0148487723384125,
0.2854107238601747,
0.0544214710424511,
0.2930740099098337,
0.0923150512001963,
0.2775442508869584,
0.1327953872532623,
0.2869363379739868,
0.1742662882412640,
0.2918709577364896,
0.2172464559847664,
0.2962797978534766,
0.2636421802790608,
0.3032041109805476,
0.3132744550146581,
0.3129395507253540,
0.3646520411023444,
0.3274433733682821,
0.4159354569782292,
0.3466219278621636,
-0.4364359986953379,
0.4027373663624155,
-0.3825927796728547,
0.3823428340335396,
-0.3287172983506462,
0.3636850232989858,
-0.2760211872346701,
0.3509721536807511,
-0.2263343513782779,
0.3424425154670001,
-0.1794881035795915,
0.3363483536437616,
-0.1357833877072056,
0.3312016079922579,
-0.0959051600225534,
0.3205404661249437,
-0.0581150258941190,
0.3429969353579033,
-0.0205792266999691,
0.3195074622455129,
0.0198241688585383,
0.3253697427994924,
0.0586573467930768,
0.3408308764879590,
0.0949636325268856,
0.3204129059070699,
0.1358039521783312,
0.3309802328276670,
0.1795058199026686,
0.3360400032274707,
0.2262033978075067,
0.3418737230318943,
0.2756445021454744,
0.3506666193607842,
0.3285410562682036,
0.3636169302060464,
0.3826679803870114,
0.3823480162302837,
0.4367617332062321,
0.4032860562063323,
-0.4595871032308076,
0.4594721080118752,
-0.4033252931502844,
0.4366598724094284,
-0.3468144515333034,
0.4157038681443486,
-0.2923021893777483,
0.3989600120451094,
-0.2407538464233195,
0.3877540450590410,
-0.1915270199900051,
0.3793453676033748,
-0.1434227765665359,
0.3734408037188872,
-0.0972201103200937,
0.3671773709071838,
-0.0509010151611292,
0.3871685242147624,
-0.0177284773292094,
0.3631957518364156,
0.0210249889058841,
0.3667431611690002,
0.0530182124451964,
0.3870852553149892,
0.0974336594913219,
0.3670040699566179,
0.1434142816335420,
0.3733793514182574,
0.1913867636765775,
0.3791539582136701,
0.2403445965447815,
0.3875486048122102,
0.2918963036167883,
0.3988328739783199,
0.3465008511919336,
0.4155324810977987,
0.4028585186749594,
0.4364058123449132,
0.4594985055579508,
0.4595971480639569,
0.5928116469293551,
-0.5928116469293551,
0.5928116469293551,
0.5928116469293551,
-0.5928116469293551,
0.5928116469293551,
-0.5928116469293551,
-0.5928116469293551,
0.5642935335611098,
-0.5500053021725693,
0.5500053021725693,
0.5642935335611098,
-0.5642935335611098,
0.5500053021725693,
-0.5500053021725693,
-0.5642935335611098,
0.5435516293881654,
-0.5156583524286953,
0.5156583524286953,
0.5435516293881654,
-0.5435516293881654,
0.5156583524286953,
-0.5156583524286953,
-0.5435516293881654,
0.5269905602851119,
-0.4858612899122277,
0.4858612899122277,
0.5269905602851119,
-0.5269905602851119,
0.4858612899122277,
-0.4858612899122277,
-0.5269905602851119,
0.5131090557221862,
-0.4589386913862144,
0.4589386913862145,
0.5131090557221863,
-0.5131090557221862,
0.4589386913862144,
-0.4589386913862145,
-0.5131090557221863,
0.5011156454401410,
-0.4339788791849977,
0.4339788791849977,
0.5011156454401410,
-0.5011156454401410,
0.4339788791849977,
-0.4339788791849977,
-0.5011156454401410,
0.4905351162961919,
-0.4104111234162678,
0.4104111234162678,
0.4905351162961920,
-0.4905351162961919,
0.4104111234162678,
-0.4104111234162678,
-0.4905351162961920,
0.4810570213590482,
-0.3878405697825407,
0.3878405697825407,
0.4810570213590482,
-0.4810570213590482,
0.3878405697825407,
-0.3878405697825407,
-0.4810570213590482,
0.4724660992503077,
-0.3659706668088045,
0.3659706668088045,
0.4724660992503077,
-0.4724660992503077,
0.3659706668088045,
-0.3659706668088045,
-0.4724660992503077,
0.4646062993307368,
-0.3445612534191725,
0.3445612534191725,
0.4646062993307368,
-0.4646062993307368,
0.3445612534191725,
-0.3445612534191725,
-0.4646062993307368,
0.4573605175597967,
-0.3234027234135213,
0.3234027234135213,
0.4573605175597967,
-0.4573605175597967,
0.3234027234135213,
-0.3234027234135213,
-0.4573605175597967,
0.4506384123369760,
-0.3022974369774175,
0.3022974369774175,
0.4506384123369760,
-0.4506384123369760,
0.3022974369774175,
-0.3022974369774175,
-0.4506384123369760,
0.4443686914585544,
-0.2810434371755284,
0.2810434371755284,
0.4443686914585544,
-0.4443686914585544,
0.2810434371755284,
-0.2810434371755284,
-0.4443686914585544,
0.4384940212998497,
-0.2594165614422093,
0.2594165614422093,
0.4384940212998497,
-0.4384940212998497,
0.2594165614422093,
-0.2594165614422093,
-0.4384940212998497,
0.4329675485261147,
-0.2371460929954657,
0.2371460929954657,
0.4329675485261147,
-0.4329675485261147,
0.2371460929954657,
-0.2371460929954657,
-0.4329675485261147,
0.4277504533093142,
-0.2138752266546571,
0.2138752266546571,
0.4277504533093142,
-0.4277504533093142,
0.2138752266546571,
-0.2138752266546571,
-0.4277504533093142,
0.4228101847651909,
-0.1890864629428426,
0.1890864629428426,
0.4228101847651910,
-0.4228101847651909,
0.1890864629428426,
-0.1890864629428426,
-0.4228101847651910,
0.4181191606953247,
-0.1619368546103215,
0.1619368546103215,
0.4181191606953247,
-0.4181191606953247,
0.1619368546103215,
-0.1619368546103215,
-0.4181191606953247,
0.4136537912675486,
-0.1308088143169323,
0.1308088143169323,
0.4136537912675486,
-0.4136537912675486,
0.1308088143169323,
-0.1308088143169323,
-0.4136537912675486,
0.4093937336723823,
-0.0915432218053892,
0.0915432218053892,
0.4093937336723823,
-0.4093937336723823,
0.0915432218053892,
-0.0915432218053892,
-0.4093937336723823,
0.4053213146669598,
0.0000000000000000,
-0.0000000000000000,
0.4053213146669598,
-0.4053213146669598,
-0.0000000000000000,
0.0000000000000000,
-0.4053213146669598,
0.4093937336723823,
0.0915432218053892,
-0.0915432218053892,
0.4093937336723823,
-0.4093937336723823,
-0.0915432218053892,
0.0915432218053892,
-0.4093937336723823,
0.4136537912675486,
0.1308088143169324,
-0.1308088143169324,
0.4136537912675486,
-0.4136537912675486,
-0.1308088143169324,
0.1308088143169324,
-0.4136537912675486,
0.4181191606953247,
0.1619368546103215,
-0.1619368546103215,
0.4181191606953247,
-0.4181191606953247,
-0.1619368546103215,
0.1619368546103215,
-0.4181191606953247,
0.4228101847651909,
0.1890864629428426,
-0.1890864629428426,
0.4228101847651910,
-0.4228101847651909,
-0.1890864629428426,
0.1890864629428426,
-0.4228101847651910,
0.4277504533093142,
0.2138752266546571,
-0.2138752266546571,
0.4277504533093142,
-0.4277504533093142,
-0.2138752266546571,
0.2138752266546571,
-0.4277504533093142,
0.4329675485261147,
0.2371460929954657,
-0.2371460929954657,
0.4329675485261147,
-0.4329675485261147,
-0.2371460929954657,
0.2371460929954657,
-0.4329675485261147,
0.4384940212998497,
0.2594165614422094,
-0.2594165614422094,
0.4384940212998497,
-0.4384940212998497,
-0.2594165614422094,
0.2594165614422094,
-0.4384940212998497,
0.4443686914585544,
0.2810434371755283,
-0.2810434371755283,
0.4443686914585544,
-0.4443686914585544,
-0.2810434371755283,
0.2810434371755283,
-0.4443686914585544,
0.4506384123369760,
0.3022974369774175,
-0.3022974369774175,
0.4506384123369760,
-0.4506384123369760,
-0.3022974369774175,
0.3022974369774175,
-0.4506384123369760,
0.4573605175597967,
0.3234027234135213,
-0.3234027234135213,
0.4573605175597967,
-0.4573605175597967,
-0.3234027234135213,
0.3234027234135213,
-0.4573605175597967,
0.4646062993307368,
0.3445612534191725,
-0.3445612534191725,
0.4646062993307368,
-0.4646062993307368,
-0.3445612534191725,
0.3445612534191725,
-0.4646062993307368,
0.4724660992503077,
0.3659706668088045,
-0.3659706668088045,
0.4724660992503077,
-0.4724660992503077,
-0.3659706668088045,
0.3659706668088045,
-0.4724660992503077,
0.4810570213590482,
0.3878405697825407,
-0.3878405697825407,
0.4810570213590482,
-0.4810570213590482,
-0.3878405697825407,
0.3878405697825407,
-0.4810570213590482,
0.4905351162961919,
0.4104111234162678,
-0.4104111234162678,
0.4905351162961920,
-0.4905351162961919,
-0.4104111234162678,
0.4104111234162678,
-0.4905351162961920,
0.5011156454401410,
0.4339788791849977,
-0.4339788791849977,
0.5011156454401410,
-0.5011156454401410,
-0.4339788791849977,
0.4339788791849977,
-0.5011156454401410,
0.5131090557221862,
0.4589386913862144,
-0.4589386913862145,
0.5131090557221863,
-0.5131090557221862,
-0.4589386913862144,
0.4589386913862145,
-0.5131090557221863,
0.5269905602851119,
0.4858612899122277,
-0.4858612899122277,
0.5269905602851119,
-0.5269905602851119,
-0.4858612899122277,
0.4858612899122277,
-0.5269905602851119,
0.5435516293881654,
0.5156583524286953,
-0.5156583524286953,
0.5435516293881654,
-0.5435516293881654,
-0.5156583524286953,
0.5156583524286953,
-0.5435516293881654,
0.5642935335611098,
0.5500053021725693,
-0.5500053021725693,
0.5642935335611098,
-0.5642935335611098,
-0.5500053021725693,
0.5500053021725693,
-0.5642935335611098,
]

triangles = [
189, 210, 190,
189, 209, 210,
230, 211, 210,
210, 211, 190,
190, 169, 189,
189, 188, 209,
211, 191, 190,
190, 170, 169,
171, 170, 190,
169, 188, 189,
229, 230, 210,
191, 171, 190,
228, 229, 209,
209, 229, 210,
188, 208, 209,
251, 231, 230,
230, 231, 211,
211, 212, 191,
149, 168, 169,
169, 168, 188,
188, 187, 208,
150, 149, 170,
170, 149, 169,
208, 228, 209,
229, 250, 230,
231, 212, 211,
191, 172, 171,
212, 192, 191,
172, 151, 171,
171, 151, 170,
192, 172, 191,
249, 250, 229,
151, 150, 170,
168, 187, 188,
208, 227, 228,
228, 249, 229,
252, 232, 231,
231, 232, 212,
213, 193, 192,
129, 148, 149,
149, 148, 168,
168, 167, 187,
270, 251, 250,
250, 251, 230,
187, 207, 208,
228, 248, 249,
207, 227, 208,
147, 167, 168,
187, 186, 207,
247, 248, 228,
249, 269, 250,
172, 152, 151,
151, 131, 150,
173, 152, 172,
130, 129, 150,
150, 129, 149,
148, 147, 168,
271, 252, 251,
251, 252, 231,
213, 192, 212,
192, 173, 172,
213, 212, 233,
152, 131, 151,
233, 212, 232,
128, 147, 148,
253, 233, 232,
193, 173, 192,
268, 269, 249,
131, 130, 150,
269, 270, 250,
166, 187, 167,
166, 186, 187,
207, 206, 227,
226, 247, 227,
227, 247, 228,
248, 268, 249,
186, 206, 207,
109, 128, 129,
129, 128, 148,
146, 167, 147,
146, 166, 167,
186, 205, 206,
270, 271, 251,
252, 253, 232,
267, 268, 248,
269, 290, 270,
153, 132, 152,
152, 132, 131,
131, 111, 130,
272, 253, 252,
214, 194, 213,
154, 153, 173,
173, 153, 152,
174, 173, 193,
206, 226, 227,
247, 267, 248,
127, 146, 147,
234, 213, 233,
213, 194, 193,
110, 109, 130,
130, 109, 129,
128, 127, 147,
246, 267, 247,
107, 127, 128,
292, 272, 271,
271, 272, 252,
291, 271, 270,
254, 234, 253,
253, 234, 233,
112, 111, 132,
132, 111, 131,
194, 174, 193,
234, 214, 213,
194, 195, 174,
289, 269, 268,
289, 290, 269,
245, 246, 226,
226, 246, 247,
111, 110, 130,
288, 268, 267,
288, 289, 268,
165, 185, 166,
166, 185, 186,
206, 225, 226,
185, 205, 186,
290, 291, 270,
174, 154, 173,
153, 133, 132,
134, 133, 153,
111, 91, 110,
89, 108, 109,
109, 108, 128,
133, 112, 132,
205, 225, 206,
145, 165, 146,
146, 165, 166,
185, 184, 205,
126, 146, 127,
106, 126, 127,
273, 253, 272,
273, 254, 253,
234, 235, 214,
287, 288, 267,
289, 309, 290,
293, 273, 272,
291, 292, 271,
108, 107, 128,
265, 266, 246,
246, 266, 267,
215, 195, 214,
214, 195, 194,
174, 155, 154,
225, 245, 226,
125, 145, 126,
126, 145, 146,
90, 89, 110,
110, 89, 109,
108, 87, 107,
155, 134, 154,
154, 134, 153,
133, 113, 112,
286, 287, 266,
266, 287, 267,
255, 235, 254,
254, 235, 234,
114, 113, 133,
112, 91, 111,
92, 91, 112,
292, 293, 272,
273, 274, 254,
312, 293, 292,
311, 292, 291,
196, 175, 195,
195, 175, 174,
308, 289, 288,
308, 309, 289,
290, 310, 291,
164, 185, 165,
164, 184, 185,
205, 204, 225,
225, 224, 245,
86, 106, 107,
107, 106, 127,
235, 215, 214,
175, 155, 174,
134, 114, 133,
91, 90, 110,
89, 88, 108,
294, 274, 273,
235, 236, 215,
309, 310, 290,
244, 265, 245,
245, 265, 246,
69, 88, 89,
310, 311, 291,
184, 204, 205,
88, 87, 108,
307, 288, 287,
307, 308, 288,
309, 329, 310,
144, 165, 145,
144, 164, 165,
184, 203, 204,
274, 255, 254,
113, 92, 112,
71, 70, 90,
93, 92, 113,
105, 125, 106,
106, 125, 126,
204, 224, 225,
124, 144, 145,
311, 312, 292,
293, 294, 273,
285, 286, 265,
265, 286, 266,
135, 114, 134,
306, 307, 287,
313, 294, 293,
274, 275, 255,
156, 135, 155,
155, 135, 134,
156, 155, 175,
216, 196, 215,
215, 196, 195,
224, 244, 245,
70, 69, 90,
90, 69, 89,
88, 67, 87,
67, 86, 87,
87, 86, 107,
125, 124, 145,
94, 93, 114,
114, 93, 113,
71, 90, 91,
295, 275, 274,
255, 236, 235,
86, 105, 106,
312, 313, 293,
294, 295, 274,
332, 313, 312,
332, 312, 311,
104, 124, 125,
163, 183, 164,
164, 183, 184,
143, 164, 144,
204, 223, 224,
224, 243, 244,
264, 285, 265,
286, 306, 287,
328, 308, 307,
328, 329, 308,
308, 329, 309,
310, 331, 311,
72, 91, 92,
68, 67, 88,
176, 156, 175,
135, 115, 114,
256, 236, 255,
196, 176, 175,
236, 216, 215,
305, 306, 286,
73, 72, 92,
72, 71, 91,
197, 176, 196,
244, 264, 265,
263, 264, 244,
329, 330, 310,
68, 88, 69,
84, 104, 105,
183, 203, 184,
275, 256, 255,
217, 197, 216,
276, 256, 275,
49, 68, 69,
49, 69, 70,
330, 331, 310,
136, 115, 135,
93, 73, 92,
331, 332, 311,
115, 94, 114,
123, 143, 124,
124, 143, 144,
183, 182, 203,
327, 328, 307,
329, 349, 330,
330, 351, 331,
314, 294, 313,
314, 295, 294,
143, 163, 164,
306, 327, 307,
326, 327, 306,
305, 286, 285,
202, 223, 203,
203, 223, 204,
223, 243, 224,
333, 314, 313,
85, 105, 86,
105, 104, 125,
156, 136, 135,
115, 95, 94,
157, 136, 156,
66, 86, 67,
66, 85, 86,
284, 285, 264,
284, 305, 285,
217, 216, 237,
216, 197, 196,
176, 157, 156,
74, 93, 94,
74, 73, 93,
51, 50, 71,
50, 49, 70,
50, 70, 71,
47, 66, 67,
296, 276, 295,
295, 276, 275,
237, 216, 236,
47, 67, 68,
263, 284, 264,
332, 333, 313,
314, 315, 295,
352, 333, 332,
257, 236, 256,
52, 71, 72,
103, 123, 104,
104, 123, 124,
143, 142, 163,
347, 328, 327,
348, 349, 328,
328, 349, 329,
331, 352, 332,
177, 176, 197,
177, 157, 176,
162, 182, 163,
163, 182, 183,
242, 263, 243,
243, 263, 244,
242, 243, 223,
325, 326, 305,
305, 326, 306,
73, 52, 72,
276, 257, 256,
116, 115, 136,
116, 95, 115,
73, 53, 52,
48, 68, 49,
48, 47, 68,
349, 350, 330,
257, 237, 236,
198, 177, 197,
95, 74, 94,
182, 202, 203,
137, 116, 136,
334, 315, 314,
276, 277, 257,
351, 352, 331,
333, 334, 314,
52, 51, 71,
29, 48, 49,
32, 51, 52,
198, 197, 217,
157, 137, 136,
85, 84, 105,
65, 84, 85,
65, 85, 66,
122, 142, 123,
123, 142, 143,
182, 181, 202,
315, 296, 295,
326, 347, 327,
349, 369, 350,
29, 49, 50,
222, 242, 223,
283, 304, 284,
370, 351, 350,
350, 351, 330,
353, 334, 333,
315, 316, 296,
353, 333, 352,
46, 66, 47,
46, 65, 66,
284, 304, 305,
326, 346, 347,
283, 284, 263,
83, 103, 84,
84, 103, 104,
141, 162, 142,
142, 162, 163,
202, 222, 223,
347, 348, 328,
201, 222, 202,
158, 137, 157,
96, 75, 95,
304, 325, 305,
347, 367, 348,
262, 263, 242,
262, 283, 263,
304, 324, 325,
54, 53, 74,
74, 53, 73,
75, 74, 95,
257, 258, 237,
296, 277, 276,
218, 198, 217,
177, 158, 157,
218, 217, 237,
27, 46, 47,
30, 50, 51,
30, 29, 50,
48, 27, 47,
372, 353, 352,
238, 218, 237,
31, 30, 51,
102, 122, 103,
103, 122, 123,
96, 95, 116,
117, 96, 116,
345, 346, 325,
325, 346, 326,
241, 262, 242,
283, 303, 304,
368, 369, 348,
348, 369, 349,
351, 372, 352,
161, 181, 162,
162, 181, 182,
222, 241, 242,
178, 158, 177,
137, 117, 116,
178, 177, 198,
335, 316, 315,
296, 297, 277,
335, 315, 334,
33, 32, 53,
53, 32, 52,
354, 335, 334,
278, 258, 277,
277, 258, 257,
369, 370, 350,
45, 64, 65,
65, 64, 84,
28, 27, 48,
46, 45, 65,
28, 48, 29,
138, 117, 137,
55, 54, 75,
75, 54, 74,
76, 75, 96,
64, 83, 84,
181, 201, 202,
316, 297, 296,
371, 372, 351,
353, 354, 334,
282, 303, 283,
303, 324, 304,
258, 238, 237,
199, 178, 198,
259, 238, 258,
121, 141, 122,
122, 141, 142,
181, 180, 201,
26, 45, 46,
64, 63, 83,
373, 354, 353,
335, 336, 316,
199, 198, 218,
158, 138, 137,
32, 31, 51,
9, 28, 29,
12, 31, 32,
366, 367, 346,
346, 367, 347,
390, 371, 370,
221, 241, 222,
262, 282, 283,
82, 102, 83,
83, 102, 103,
9, 29, 30,
27, 26, 46,
324, 345, 325,
261, 282, 262,
303, 323, 324,
365, 366, 345,
389, 370, 369,
370, 371, 351,
372, 373, 353,
159, 138, 158,
97, 76, 96,
34, 33, 54,
54, 33, 53,
298, 278, 297,
297, 278, 277,
317, 297, 316,
387, 368, 367,
367, 368, 348,
140, 161, 141,
141, 161, 162,
201, 221, 222,
200, 221, 201,
241, 261, 262,
97, 96, 117,
7, 26, 27,
44, 63, 64,
219, 199, 218,
178, 159, 158,
219, 218, 238,
392, 373, 372,
355, 336, 335,
10, 9, 30,
28, 7, 27,
10, 30, 31,
76, 55, 75,
118, 97, 117,
76, 56, 55,
239, 219, 238,
355, 335, 354,
11, 10, 31,
101, 121, 102,
102, 121, 122,
44, 64, 45,
344, 345, 324,
345, 366, 346,
336, 317, 316,
240, 261, 241,
302, 323, 303,
374, 355, 354,
336, 337, 317,
25, 44, 45,
388, 389, 368,
368, 389, 369,
371, 392, 372,
160, 180, 161,
161, 180, 181,
221, 240, 241,
302, 303, 282,
389, 390, 370,
62, 82, 63,
63, 82, 83,
179, 159, 178,
138, 118, 117,
179, 178, 199,
139, 118, 138,
13, 34, 14,
34, 55, 35,
55, 34, 54,
33, 12, 32,
13, 12, 33,
279, 259, 278,
278, 259, 258,
480, 179, 199,
180, 200, 201,
323, 344, 324,
281, 302, 282,
323, 343, 344,
317, 298, 297,
8, 7, 28,
26, 25, 45,
8, 28, 9,
8, 9, 483,
6, 25, 26,
44, 43, 63,
373, 374, 354,
356, 337, 336,
299, 279, 298,
393, 374, 373,
391, 392, 371,
480, 199, 219,
159, 139, 138,
484, 239, 259,
259, 239, 238,
81, 101, 82,
82, 101, 102,
121, 140, 141,
487, 11, 12,
12, 11, 31,
120, 140, 121,
180, 482, 200,
386, 387, 366,
366, 387, 367,
481, 391, 390,
390, 391, 371,
483, 9, 10,
7, 6, 26,
220, 240, 221,
261, 281, 282,
220, 221, 200,
364, 365, 344,
344, 365, 345,
260, 281, 261,
302, 322, 323,
472, 139, 159,
77, 76, 97,
77, 97, 98,
34, 13, 33,
98, 97, 118,
77, 56, 76,
481, 390, 389,
392, 393, 373,
318, 298, 317,
298, 279, 278,
485, 388, 387,
387, 388, 368,
486, 160, 140,
140, 160, 161,
484, 480, 239,
239, 480, 219,
179, 476, 159,
475, 6, 7,
24, 43, 44,
482, 220, 200,
240, 260, 261,
356, 336, 355,
375, 355, 374,
375, 356, 355,
11, 483, 10,
8, 479, 7,
487, 483, 11,
473, 393, 392,
119, 98, 118,
77, 57, 56,
14, 35, 15,
56, 35, 55,
24, 44, 25,
43, 62, 63,
100, 120, 101,
101, 120, 121,
385, 386, 365,
365, 386, 366,
338, 318, 337,
337, 318, 317,
474, 260, 240,
301, 322, 302,
394, 375, 374,
356, 357, 337,
485, 481, 388,
388, 481, 389,
391, 477, 392,
301, 302, 281,
5, 24, 25,
61, 81, 62,
322, 343, 323,
480, 476, 179,
139, 119, 118,
160, 482, 180,
220, 478, 240,
486, 482, 160,
488, 259, 279,
488, 484, 259,
491, 12, 13,
491, 487, 12,
42, 62, 43,
62, 81, 82,
468, 119, 139,
36, 35, 56,
483, 479, 8,
6, 5, 25,
35, 14, 34,
57, 77, 78,
280, 301, 281,
322, 342, 343,
363, 364, 343,
343, 364, 344,
319, 299, 318,
318, 299, 298,
481, 477, 391,
393, 394, 374,
471, 5, 6,
23, 42, 43,
489, 387, 386,
489, 485, 387,
490, 140, 120,
490, 486, 140,
469, 394, 393,
376, 357, 356,
476, 472, 159,
482, 478, 220,
260, 280, 281,
495, 491, 13,
492, 488, 279,
81, 100, 101,
80, 100, 81,
479, 475, 7,
384, 385, 364,
364, 385, 365,
470, 280, 260,
321, 342, 322,
78, 98, 99,
78, 77, 98,
14, 495, 13,
477, 473, 392,
99, 98, 119,
15, 507, 503,
57, 36, 56,
494, 490, 120,
472, 468, 139,
493, 489, 386,
376, 375, 395,
376, 356, 375,
299, 492, 279,
499, 495, 14,
478, 474, 240,
357, 338, 337,
496, 492, 299,
23, 24, 4,
23, 43, 24,
100, 494, 120,
395, 375, 394,
500, 319, 504,
4, 24, 5,
475, 471, 6,
460, 99, 119,
78, 58, 57,
15, 36, 16,
36, 15, 35,
42, 61, 62,
473, 469, 393,
321, 301, 300,
321, 322, 301,
385, 493, 386,
319, 338, 339,
338, 319, 318,
498, 494, 100,
300, 301, 280,
342, 363, 343,
468, 464, 119,
497, 493, 385,
463, 4, 5,
23, 22, 42,
502, 80, 506,
461, 395, 394,
358, 338, 357,
503, 499, 14,
474, 470, 260,
500, 496, 299,
80, 61, 60,
61, 80, 81,
471, 467, 5,
501, 384, 505,
363, 384, 364,
384, 363, 383,
462, 300, 280,
321, 341, 342,
469, 465, 394,
502, 498, 100,
464, 460, 119,
79, 58, 78,
501, 497, 385,
15, 503, 14,
37, 36, 57,
470, 466, 280,
358, 357, 377,
319, 500, 299,
467, 463, 5,
3, 22, 23,
465, 461, 394,
377, 357, 376,
79, 78, 99,
58, 37, 57,
80, 502, 100,
41, 61, 42,
460, 456, 99,
362, 363, 342,
384, 501, 385,
452, 79, 99,
511, 507, 15,
466, 462, 280,
320, 341, 321,
37, 16, 36,
377, 376, 396,
396, 376, 395,
508, 504, 319,
3, 23, 4,
358, 339, 338,
22, 41, 42,
463, 459, 4,
453, 396, 395,
461, 457, 395,
455, 3, 4,
41, 60, 61,
510, 506, 80,
320, 321, 300,
341, 362, 342,
509, 505, 384,
456, 452, 99,
79, 59, 58,
58, 38, 37,
515, 511, 16,
454, 320, 300,
462, 458, 300,
16, 511, 15,
515, 16, 519,
362, 383, 363,
339, 508, 319,
512, 508, 339,
512, 339, 516,
339, 358, 359,
459, 455, 4,
3, 2, 22,
22, 21, 41,
514, 510, 60,
457, 453, 395,
397, 378, 377,
60, 510, 80,
514, 60, 518,
383, 509, 384,
513, 509, 383,
513, 383, 517,
383, 362, 382,
452, 448, 79,
458, 454, 300,
340, 361, 341,
17, 16, 37,
359, 358, 378,
453, 449, 396,
455, 451, 3,
40, 60, 41,
444, 59, 79,
59, 38, 58,
361, 362, 341,
38, 17, 37,
454, 450, 320,
448, 444, 79,
17, 519, 16,
378, 358, 377,
397, 377, 396,
359, 516, 339,
445, 397, 396,
447, 2, 3,
449, 445, 396,
2, 21, 22,
451, 447, 3,
21, 40, 41,
40, 518, 60,
340, 341, 320,
446, 340, 320,
361, 382, 362,
382, 517, 383,
450, 446, 320,
444, 440, 59,
59, 39, 38,
527, 523, 17,
17, 523, 519,
527, 17, 531,
359, 520, 516,
524, 520, 359,
524, 359, 528,
445, 441, 397,
398, 379, 378,
447, 443, 2,
2, 1, 21,
526, 522, 40,
40, 522, 518,
526, 40, 530,
382, 521, 517,
525, 521, 382,
525, 382, 529,
446, 442, 340,
340, 360, 361,
440, 436, 59,
18, 17, 38,
379, 359, 378,
441, 437, 397,
443, 439, 2,
20, 40, 21,
432, 39, 59,
381, 382, 361,
39, 18, 38,
442, 438, 340,
436, 432, 59,
39, 19, 18,
18, 531, 17,
398, 378, 397,
433, 398, 397,
379, 528, 359,
435, 1, 2,
1, 20, 21,
437, 433, 397,
536, 532, 379,
439, 435, 2,
1, 0, 20,
20, 530, 40,
434, 360, 340,
360, 381, 361,
381, 529, 382,
438, 434, 340,
537, 533, 381,
432, 428, 39,
18, 535, 531,
539, 535, 18,
379, 532, 528,
536, 379, 399,
433, 429, 398,
435, 431, 1,
20, 534, 530,
538, 534, 20,
381, 533, 529,
537, 381, 380,
434, 430, 360,
428, 424, 39,
19, 539, 18,
399, 379, 398,
429, 425, 398,
431, 427, 1,
424, 19, 39,
0, 538, 20,
380, 381, 360,
430, 426, 360,
425, 399, 398,
427, 0, 1,
424, 420, 19,
19, 543, 539,
547, 543, 19,
426, 380, 360,
399, 540, 536,
544, 540, 399,
425, 421, 399,
427, 423, 0,
0, 542, 538,
546, 542, 0,
380, 541, 537,
545, 541, 380,
426, 422, 380,
420, 416, 19,
416, 547, 19,
417, 544, 399,
421, 417, 399,
423, 419, 0,
419, 546, 0,
418, 545, 380,
422, 418, 380,
416, 551, 547,
412, 551, 416,
413, 548, 544,
417, 413, 544,
419, 415, 546,
415, 550, 546,
418, 549, 545,
418, 414, 549,
412, 408, 551,
408, 555, 551,
413, 552, 548,
413, 409, 552,
415, 411, 550,
411, 554, 550,
414, 553, 549,
414, 410, 553,
408, 404, 555,
404, 559, 555,
409, 556, 552,
405, 556, 409,
411, 407, 554,
407, 558, 554,
410, 557, 553,
406, 557, 410,
404, 400, 559,
405, 401, 556,
407, 403, 558,
406, 402, 557,
]