vertices = [
0.0388379369182763,
-0.0131212336536825,
-0.0433946623213945,
0.0559536082285162,
0.0023102202048584,
-0.1214650477847654,
0.0719656388269754,
0.1089424909419792,
-0.1113051631437610,
-0.0387099657976493,
0.1267953041564799,
-0.0921172765803803,
-0.0380837904153557,
0.1673773276345813,
-0.1017019333170564,
-0.1597543137339413,
0.1603563538320552,
0.0327913461718561,
-0.1542160130322707,
0.0846244814504093,
0.0888070635647787,
-0.2118733640857270,
0.0761754349216057,
0.2270943885335044,
-0.2142194825194502,
-0.1137565359242000,
0.2445408874737336,
-0.0604211359111797,
-0.1447987268614056,
0.2137340011898477,
-0.0263462410349670,
-0.2547627125179339,
0.1891193640408614,
0.1647332432159626,
-0.2488344452962757,
0.0029000336273293,
0.2112297887435544,
-0.1806519719252606,
-0.0366509217050318,
0.2853720577297730,
-0.1813871390481616,
-0.2362651187144070,
0.2774650208688795,
0.0571668222790820,
-0.2493352410020359,
0.1522079899176452,
0.0683485558094532,
-0.3385639410079468,
0.1788717851518342,
0.2960597130741695,
-0.3339182550987825,
-0.1027884076771643,
0.3310786636297794,
-0.1470715229616287,
-0.1477129956616258,
0.3368634991308525,
-0.1201388409272236,
-0.3247713869131755,
0.3087290132777340,
0.1608480852472703,
-0.3341155437308309,
0.0878014133903650,
0.1801908727210967,
-0.2984252965539627,
0.0690052194342879,
0.3493472053672794,
-0.2919785342079577,
-0.2195927960914231,
0.3652442620938224,
-0.0260286263029384,
-0.2552810251900786,
0.2716224909024365,
-0.0305904356110608,
-0.3964358807025760,
0.2894551908267337,
0.2718591893525305,
-0.3953081283124684,
-0.0069335041367846,
0.3013592461023936,
-0.2666486032593499,
-0.0434165131649266,
0.4070939114203387,
-0.2424236753218337,
-0.3491633523384068,
0.4109148354689202,
0.0950437388331518,
-0.3704627158216781,
0.2086314099421099,
0.1588805644286955,
-0.4255870808051676,
0.1712540756693830,
0.4238967416022863,
-0.4132033905624617,
-0.2044586934097643,
0.4504347086869941,
-0.1215392840105678,
-0.2527707745604170,
0.3981284086866487,
-0.1400203951493797,
-0.4394679911952227,
0.4001783270320530,
0.2314417304184568,
-0.4497684662188314,
0.0992331127580775,
0.2689324034946007,
-0.3819510405315356,
0.0598190924048121,
0.4690262498809703,
-0.3598626135157350,
-0.3178354430053563,
0.4833921294579386,
-0.0042850558177255,
-0.3568199488313833,
0.3322147688950423,
0.0536446066319112,
-0.4747377883962700,
0.2812628332777770,
0.3867515138276046,
-0.4672367649652044,
-0.0989276713085149,
0.4191153121789865,
-0.2373659798882909,
-0.1504201553373334,
0.4621360581981696,
-0.2419190507324716,
-0.4761879732979036,
0.4982063491661284,
0.1867374758823274,
-0.4962642604206222,
0.1986618008868908,
0.2543720504660343,
-0.5084376672402506,
0.1572859055811910,
0.5501452929143610,
-0.4857592104265762,
-0.3052290198614334,
0.5693613648307679,
-0.0997349779831500,
-0.3550699743858039,
0.4605742171481145,
-0.0596848980291786,
-0.5298541636098570,
0.4024374526755519,
0.3509819612920054,
-0.5318929110815178,
0.0107851162708988,
0.3923289897942792,
-0.3568389422137651,
-0.0493425675127588,
0.5341916691747916,
-0.3391320603085112,
-0.4427075614452430,
0.5498391407146589,
0.0990177382080304,
-0.4747599374759955,
0.2993121738189876,
0.1492954286008236,
-0.5561749241650533,
0.2665975897477120,
0.5120935241451207,
-0.5418389941780114,
-0.2010433388411506,
0.5407109268426312,
-0.2150243839122947,
-0.2559591412522791,
0.5268899561820112,
-0.1742630086046267,
-0.5651187840693949,
0.5109618398785366,
0.2981711502430643,
-0.5772134220474432,
0.1225562099917536,
0.3570146093466582,
-0.4610131119915071,
0.0488519822716111,
0.5853347814737190,
-0.4387608080600225,
-0.4093636284891207,
0.6037345503458338,
0.0086340865269045,
-0.4539710706921219,
0.4033430808993585,
0.0349268963611610,
-0.5958890054610868,
0.3773385999652386,
0.4626556366353671,
-0.5894350969549114,
-0.0886682831710342,
0.5013682399231605,
-0.3308733662137347,
-0.1489370220498739,
0.5854116109396236,
-0.3192975100792494,
-0.5710588734218088,
0.6201823823196890,
0.2056884309300830,
-0.5979722959095377,
0.2675300523475142,
0.2614990757633786,
-0.6292992962345941,
0.2366276195902327,
0.6421265634996978,
-0.6053036867977516,
-0.3164487739353513,
0.6632201541594672,
-0.1740901512577549,
-0.3720456771303474,
0.5791030918133109,
-0.0947905695034488,
-0.6599098412969103,
0.5175139315530158,
0.4208879089699306,
-0.6650183125973227,
0.0380614865969437,
0.4714002027918397,
-0.4738809442866814,
-0.0261800950445085,
0.6711917090047392,
-0.4377622065808380,
-0.5294187847257946,
0.6829852826949387,
0.0967241526777476,
-0.5707070288882115,
0.3913933990577733,
0.1440029636179044,
-0.6770816041433935,
0.3544961206600738,
0.5949967622924646,
-0.6634538690708613,
-0.2020228419628097,
0.6300103761399368,
-0.2983696699020129,
-0.2633003251524523,
0.6491009563542555,
-0.2335432888298456,
-0.6596814689410859,
0.6191394983453176,
0.3273376602729858,
-0.6759367142630339,
0.1760629392234307,
0.3741570520313678,
-0.5709400663059176,
0.1131431601277189,
0.6756774888490191,
-0.5426301381173811,
-0.4273174469733001,
0.6914553477911551,
-0.0503224690417812,
-0.4763599225762014,
0.5066425735303098,
0.0200569398292733,
-0.7010558051941530,
0.4613192943958874,
0.5280011313631691,
-0.6955945534951788,
-0.0790565140633583,
0.5723121952244798,
-0.4109040338798871,
-0.1430364795667936,
0.6915653864897860,
-0.3780257798554382,
-0.6772845403704220,
0.7373769263188628,
0.2396970176426040,
-0.7046904879097573,
0.3255441705048159,
0.2946868060649966,
-0.7382990907578076,
0.2859223534280827,
0.7444738958810264,
-0.7145703033386245,
-0.3484105027729679,
0.7617129321627929,
-0.2311069544730065,
-0.4026445195755976,
0.6886048316616319,
-0.1672912139288341,
-0.7673946313526065,
0.6446518052293564,
0.4501693143028311,
-0.7784429467339233,
0.1063611971988284,
0.4951763033170197,
-0.6055154415701197,
0.0478124257334189,
0.7819979746127476,
-0.5690882050878184,
-0.5452873456923908,
0.7897345892914943,
0.0152005322020584,
-0.5912563359638062,
0.5254189676744697,
0.0753507642057696,
-0.7983219171370071,
0.4870431648680179,
0.6369835197490590,
-0.7906565456546085,
-0.1362244342084385,
0.6759966441587603,
-0.4398836376774419,
-0.1976160695926375,
0.7836763427046630,
-0.2885888529837347,
-0.7561845215944718,
0.7254304630673767,
0.3584166399673169,
-0.7736469684460362,
0.2291219618651459,
0.3981298690380273,
-0.6835617297652862,
0.1727179203706870,
0.7735046096841554,
-0.6539544338115302,
-0.4503617100644760,
0.7871586511025472,
-0.1131265788822775,
-0.5018917641628805,
0.6184957628464944,
-0.0521370583083548,
-0.7912330851621640,
0.5758048355510316,
0.5454009943053094,
-0.7917233546065644,
-0.0101747474191057,
0.5886573851785580,
-0.5311977186460549,
-0.0718812002944335,
0.7912388299057952,
-0.4861300736859857,
-0.6332582894971288,
0.7903890093751796,
0.1348681092410099,
-0.6736602992260369,
0.4393646073914796,
0.1909900136415279,
-0.7812058197716948,
0.3902454051085834,
0.7031210266108547,
-0.7673861253508729,
-0.2491440156568042,
0.7345478431243461,
-0.3417463884202800,
-0.3073144684730831,
0.7523413575550075,
-0.2503995635664861,
-0.8667406546802349,
0.7731900091079771,
0.4652834124054729,
-0.8825840192718670,
0.1845079740440839,
0.5160074875571293,
-0.7326006928053194,
0.1197190402986709,
0.8886140921505582,
-0.6927966376234539,
-0.5707432603821130,
0.8967608194790637,
-0.0523401102489760,
-0.6224410124717703,
0.6484665084156503,
0.0119032893909839,
-0.9009872689587214,
0.6040964841735401,
0.6687405233374814,
-0.8977879879421008,
-0.0793095519827351,
0.7122623987427467,
-0.5540882528881753,
-0.1457811024991976,
0.8915898165466520,
-0.4921708858115824,
-0.7510905478481389,
0.8721287190283381,
0.2170315848368603,
-0.7882210094471790,
0.4337292903411292,
0.2818440901669537,
-0.8600598566514197,
0.3790569933556909,
0.8226273288290633,
-0.8370981631825799,
-0.3458596366332769,
0.8498216654788038,
-0.3157975049464588,
-0.4090732006877340,
0.8102229563463305,
-0.1219411809424061,
-0.8905492014256823,
0.6950414978600782,
0.5703114897632728,
-0.8969030123664011,
0.0542690535167510,
0.6185825434992885,
-0.6504951566398760,
-0.0113931775945717,
0.8981581868971847,
-0.6025987179751408,
-0.6691210786179602,
0.8983405372151089,
0.0811214002136359,
-0.7145386826115724,
0.5520081812118395,
0.1490033732242340,
-0.8940304129155958,
0.4989716222001473,
0.7565450004211265,
-0.8813955856447927,
-0.2152460585040195,
0.7943380835276246,
-0.4429565259150214,
-0.2815073793637708,
0.8660886458531423,
-0.3829623791510954,
-0.8157605159317939,
0.8352775522579970,
0.3379432350472591,
-0.8421463054103560,
0.3192273648677127,
0.4033039584378191,
-0.8051654189296560,
0.2520177162304158,
0.8658450513984099,
-0.7736068802728133,
-0.4626190098704885,
0.8819260151534880,
-0.1868792467250436,
-0.5201792989897200,
0.7371168692674260,
-0.0582347345761647,
-0.9983029178004258,
0.0912050284932690,
-0.9958321358429552,
0.2386074219379371,
-0.9711161095338349,
0.3806797198634105,
-0.9247069540588063,
0.5142482619014412,
-0.8576413732623600,
0.6363293475382731,
-0.7714175013969515,
0.7441958870537021,
-0.6679614372793937,
0.8354383201990461,
-0.5495842184260717,
0.9080184417914212,
-0.4189301962937016,
0.9603149318494956,
-0.2789179658374462,
0.9911595732027206,
-0.1326751689224502,
0.9998633475325015,
0.0165313720271547,
0.9862318269028649,
0.1653686294429430,
0.9505695169592673,
0.3105118249404124,
0.8936730547756546,
0.4487186993740619,
0.8168134132986347,
0.5769019395490310,
0.7217075099120687,
0.6921981436962406,
0.6104798533398368,
0.7920317851362857,
0.4856150856315915,
0.8741727452895235,
0.3499024793651159,
0.9367861308399824,
0.2063736299060702,
0.9784732622199711,
0.0582347345770834,
0.9983029178003722,
-0.0912050284923526,
0.9958321358430391,
-0.2386074219370434,
0.9711161095340545,
-0.3806797198625595,
0.9247069540591566,
-0.5142482619006520,
0.8576413732628333,
-0.6363293475375631,
0.7714175013975372,
-0.7441958870530874,
0.6679614372800786,
-0.8354383201985403,
0.5495842184268406,
-0.9080184417910357,
0.4189301962945372,
-0.9603149318492389,
0.2789179658383299,
-0.9911595732025985,
0.1326751689233623,
-0.9998633475325167,
-0.0165313720262345,
-0.9862318269030171,
-0.1653686294420354,
-0.9505695169595531,
-0.3105118249395376,
-0.8936730547760676,
-0.4487186993732395,
-0.8168134132991656,
-0.5769019395482793,
-0.7217075099127057,
-0.6921981436955764,
-0.6104798533405656,
-0.7920317851357238,
-0.4856150856323960,
-0.8741727452890765,
-0.3499024793659780,
-0.9367861308396603,
-0.2063736299069707,
-0.9784732622197811,
]

triangles = [
0, 1, 3,
1, 6, 3,
3, 8, 0,
0, 4, 1,
1, 9, 6,
6, 11, 3,
3, 16, 8,
8, 5, 0,
0, 2, 4,
5, 2, 0,
4, 9, 1,
11, 16, 3,
9, 14, 6,
6, 19, 11,
14, 19, 6,
21, 13, 8,
8, 13, 5,
15, 7, 2,
2, 7, 4,
4, 17, 9,
10, 2, 5,
16, 21, 8,
18, 10, 5,
12, 17, 4,
9, 22, 14,
32, 24, 11,
11, 24, 16,
16, 29, 21,
17, 22, 9,
14, 27, 19,
7, 12, 4,
19, 32, 11,
26, 18, 13,
13, 18, 5,
37, 29, 16,
21, 34, 13,
23, 15, 10,
10, 15, 2,
7, 20, 12,
35, 27, 14,
19, 40, 32,
24, 37, 16,
58, 37, 24,
42, 21, 29,
42, 34, 21,
43, 35, 22,
22, 35, 14,
61, 40, 27,
27, 40, 19,
32, 45, 24,
15, 20, 7,
38, 30, 17,
25, 17, 12,
17, 30, 22,
34, 26, 13,
18, 31, 10,
39, 31, 18,
15, 28, 20,
50, 42, 29,
34, 47, 26,
33, 25, 12,
53, 45, 32,
31, 23, 10,
36, 28, 15,
20, 33, 12,
71, 50, 37,
37, 50, 29,
40, 53, 32,
79, 58, 45,
45, 58, 24,
41, 33, 20,
26, 39, 18,
57, 36, 23,
60, 39, 26,
30, 43, 22,
35, 48, 27,
51, 43, 30,
59, 38, 25,
25, 38, 17,
56, 48, 35,
40, 74, 53,
48, 61, 27,
44, 23, 31,
23, 36, 15,
28, 41, 20,
55, 34, 42,
55, 47, 34,
76, 55, 42,
77, 56, 43,
43, 56, 35,
58, 71, 37,
50, 63, 42,
92, 71, 58,
72, 51, 38,
38, 51, 30,
82, 61, 48,
95, 74, 61,
61, 74, 40,
53, 66, 45,
49, 41, 28,
33, 46, 25,
84, 63, 50,
81, 60, 47,
47, 60, 26,
52, 44, 31,
52, 31, 39,
73, 52, 39,
54, 46, 33,
87, 66, 53,
66, 79, 45,
46, 59, 25,
36, 49, 28,
41, 54, 33,
70, 49, 36,
97, 76, 63,
63, 76, 42,
55, 68, 47,
74, 87, 53,
78, 57, 44,
44, 57, 23,
79, 92, 58,
71, 84, 50,
75, 54, 41,
93, 72, 59,
105, 84, 71,
85, 64, 51,
51, 64, 43,
69, 48, 56,
69, 82, 48,
74, 108, 87,
60, 73, 39,
52, 65, 44,
94, 73, 60,
90, 69, 56,
64, 77, 43,
82, 95, 61,
80, 59, 46,
59, 72, 38,
89, 68, 55,
76, 89, 55,
110, 89, 76,
102, 81, 68,
68, 81, 47,
91, 70, 57,
57, 70, 36,
49, 62, 41,
111, 90, 77,
77, 90, 56,
69, 103, 82,
83, 62, 49,
72, 85, 51,
64, 98, 77,
86, 52, 73,
86, 65, 52,
92, 105, 71,
84, 97, 63,
126, 105, 92,
118, 97, 84,
81, 94, 60,
107, 86, 73,
129, 108, 95,
95, 108, 74,
121, 100, 66,
66, 100, 79,
79, 113, 92,
129, 95, 116,
62, 75, 41,
67, 80, 46,
121, 66, 87,
67, 46, 54,
72, 106, 85,
65, 78, 44,
108, 121, 87,
88, 67, 54,
100, 113, 79,
80, 93, 59,
113, 126, 92,
78, 91, 57,
70, 83, 49,
62, 96, 75,
139, 118, 105,
105, 118, 84,
104, 83, 70,
131, 110, 97,
97, 110, 76,
89, 123, 68,
81, 115, 94,
124, 103, 69,
67, 101, 80,
75, 88, 54,
109, 88, 75,
116, 95, 82,
108, 142, 121,
85, 98, 64,
90, 124, 69,
119, 98, 85,
103, 116, 82,
110, 123, 89,
111, 124, 90,
123, 102, 68,
98, 111, 77,
86, 120, 65,
65, 99, 78,
78, 112, 91,
94, 107, 73,
128, 107, 94,
127, 106, 93,
93, 106, 72,
98, 132, 111,
127, 93, 114,
102, 115, 81,
106, 119, 85,
117, 96, 83,
83, 96, 62,
107, 120, 86,
115, 128, 94,
107, 141, 120,
120, 99, 65,
91, 104, 70,
125, 104, 91,
163, 142, 108,
121, 155, 100,
100, 134, 113,
163, 108, 129,
142, 155, 121,
147, 160, 126,
160, 139, 105,
118, 131, 97,
160, 105, 126,
122, 67, 88,
122, 101, 67,
152, 131, 118,
110, 144, 123,
114, 93, 80,
106, 140, 119,
147, 126, 113,
155, 134, 100,
101, 114, 80,
168, 147, 113,
150, 129, 116,
150, 163, 129,
142, 176, 155,
150, 116, 171,
99, 112, 78,
134, 168, 113,
109, 122, 88,
130, 109, 96,
96, 109, 75,
112, 125, 91,
104, 117, 83,
138, 117, 104,
173, 152, 139,
139, 152, 118,
137, 116, 103,
165, 144, 110,
123, 157, 102,
102, 136, 115,
165, 110, 131,
158, 103, 124,
158, 137, 103,
186, 165, 131,
145, 158, 124,
145, 124, 111,
137, 171, 116,
166, 145, 111,
144, 157, 123,
115, 149, 128,
119, 132, 98,
153, 132, 119,
157, 136, 102,
132, 166, 111,
161, 106, 127,
161, 140, 106,
187, 200, 166,
120, 154, 99,
99, 133, 112,
162, 141, 107,
162, 107, 128,
136, 170, 115,
149, 162, 128,
170, 149, 115,
140, 153, 119,
148, 127, 114,
148, 161, 127,
208, 132, 153,
148, 114, 169,
175, 154, 141,
141, 154, 120,
146, 159, 125,
151, 130, 117,
117, 130, 96,
109, 143, 122,
197, 176, 142,
155, 210, 134,
134, 189, 168,
202, 181, 147,
197, 142, 163,
197, 163, 184,
154, 133, 99,
159, 138, 104,
135, 114, 101,
135, 101, 156,
176, 210, 155,
202, 147, 168,
147, 181, 160,
160, 194, 139,
184, 163, 150,
181, 194, 160,
152, 207, 131,
210, 189, 134,
156, 101, 122,
189, 202, 168,
159, 104, 125,
164, 143, 109,
143, 156, 122,
135, 169, 114,
146, 125, 112,
194, 173, 139,
133, 167, 112,
205, 184, 150,
205, 150, 171,
205, 171, 192,
167, 146, 112,
173, 207, 152,
165, 199, 144,
144, 178, 157,
130, 164, 109,
185, 164, 130,
207, 186, 131,
157, 212, 136,
136, 191, 170,
192, 137, 213,
192, 171, 137,
137, 158, 213,
138, 151, 117,
172, 151, 138,
213, 158, 179,
186, 199, 165,
179, 158, 145,
199, 178, 144,
200, 145, 166,
200, 179, 145,
178, 212, 157,
170, 204, 149,
187, 166, 132,
208, 187, 132,
208, 153, 174,
212, 191, 136,
149, 183, 162,
174, 140, 195,
174, 153, 140,
191, 204, 170,
162, 196, 141,
204, 183, 149,
154, 209, 133,
195, 140, 161,
195, 161, 182,
183, 196, 162,
133, 188, 167,
182, 161, 148,
196, 175, 141,
203, 182, 148,
203, 148, 169,
203, 169, 190,
233, 232, 189,
189, 232, 202,
202, 231, 181,
181, 230, 194,
194, 229, 173,
233, 189, 210,
233, 210, 234,
234, 210, 176,
234, 176, 235,
232, 231, 202,
175, 209, 154,
201, 180, 146,
235, 197, 236,
235, 176, 197,
173, 228, 207,
231, 230, 181,
236, 197, 184,
230, 229, 194,
207, 227, 186,
186, 226, 199,
237, 184, 205,
237, 236, 184,
190, 169, 135,
190, 135, 211,
135, 156, 211,
209, 188, 133,
146, 180, 159,
159, 193, 138,
229, 228, 173,
211, 156, 177,
238, 237, 205,
238, 205, 192,
177, 156, 143,
177, 143, 198,
198, 143, 164,
201, 146, 167,
206, 185, 130,
188, 201, 167,
180, 193, 159,
228, 227, 207,
199, 225, 178,
178, 224, 212,
206, 130, 151,
239, 192, 213,
239, 238, 192,
239, 213, 240,
185, 198, 164,
172, 206, 151,
193, 172, 138,
227, 226, 186,
212, 223, 191,
240, 213, 179,
226, 225, 199,
191, 222, 204,
241, 240, 179,
241, 179, 200,
241, 200, 242,
225, 224, 178,
242, 187, 243,
242, 200, 187,
204, 221, 183,
224, 223, 212,
243, 187, 208,
223, 222, 191,
183, 220, 196,
196, 219, 175,
244, 243, 208,
244, 208, 174,
244, 174, 245,
222, 221, 204,
175, 218, 209,
245, 195, 246,
245, 174, 195,
221, 220, 183,
209, 217, 188,
246, 195, 182,
220, 219, 196,
188, 216, 201,
247, 182, 203,
247, 246, 182,
219, 218, 175,
248, 247, 203,
248, 203, 190,
218, 217, 209,
201, 215, 180,
249, 190, 211,
249, 248, 190,
249, 211, 250,
217, 216, 188,
180, 214, 193,
193, 255, 172,
250, 211, 177,
216, 215, 201,
251, 250, 177,
251, 177, 198,
251, 198, 252,
215, 214, 180,
172, 254, 206,
252, 198, 185,
252, 185, 253,
214, 255, 193,
253, 185, 206,
255, 254, 172,
254, 253, 206,
]