vertices = [
0.0184664539928704,
-0.0010563789731963,
-0.0759188617981350,
0.0873301300161600,
-0.0001754580588851,
-0.1250444245646374,
0.0703472373284274,
0.1164884954363540,
-0.1220758471021833,
-0.0313905789303523,
0.1209726364956480,
-0.0866019844790947,
-0.0266869711459209,
0.1891267451047900,
-0.1042495367705620,
-0.1583053718226634,
0.1583867906981489,
0.0383047767260682,
-0.1988354730110036,
0.0858953023000618,
0.0867795327910997,
-0.2144892296763524,
0.0842231828791902,
0.2372514527685086,
-0.2160253508000439,
-0.1229890328713256,
0.2429587861763211,
-0.0557486531163019,
-0.1458183015483904,
0.2138477282670565,
-0.0344460928957333,
-0.2646149097627561,
0.1982190438810052,
0.1708972731491120,
-0.2641784810282243,
-0.0106592753266583,
0.2093141370067671,
-0.1772497099671163,
-0.0384349672725013,
0.2972678706905139,
-0.1689186737693933,
-0.2483070953682195,
0.2784602343850095,
0.0661515094217154,
-0.2594386578368685,
0.1829681490679067,
0.0725832320264140,
-0.3329677932349523,
0.1755420689570750,
0.3010842309086172,
-0.3325628936637243,
-0.1122778445417001,
0.3238946881591513,
-0.1452750874683312,
-0.1446943879070085,
0.3385786333184704,
-0.1259672496533111,
-0.3515103500707285,
0.3258110595777911,
0.1711814011290375,
-0.3394195324636796,
0.0908512714306043,
0.1845249451905569,
-0.2915213190068355,
0.0632541540318314,
0.3526638352134842,
-0.2823208792686654,
-0.2212377216881293,
0.3568599249661171,
-0.0293705470341818,
-0.2491880645620629,
0.2947943283036998,
-0.0224191268973183,
-0.3899612992112930,
0.2794244697644881,
0.2713195663588346,
-0.3872359676413523,
-0.0148241659307071,
0.3002768237918754,
-0.2576314686454269,
-0.0474720735035720,
0.4071805251586966,
-0.2420793755483834,
-0.3341997081631516,
0.3976177860993216,
0.0802917676816014,
-0.3599907158256717,
0.2043490970683974,
0.1639542962228618,
-0.4016330375681172,
0.1547076471155285,
0.4124888760395916,
-0.3917623229985367,
-0.2035091326797899,
0.4281071693176926,
-0.1183887124809573,
-0.2315746844209396,
0.4052664534560292,
-0.1067843428129151,
-0.4592657584250151,
0.3867492542093932,
0.2654757222204638,
-0.4567565442562934,
0.0633285503427674,
0.2724351519027117,
-0.3579931417377113,
0.0414582883868453,
0.4564971489542935,
-0.3410898458230308,
-0.3099293514484981,
0.4602061794679432,
-0.0028037495799103,
-0.3544625148821535,
0.2975120984281028,
0.0713409487064889,
-0.4490351925717146,
0.2546171223627100,
0.3812642652973910,
-0.4445395189259962,
-0.1099533924729938,
0.4027444259545462,
-0.2262656237455527,
-0.1387781575167409,
0.4523762838145256,
-0.2065211671607705,
-0.4295700076332686,
0.4391242813901722,
0.1750955177153736,
-0.4439943939522029,
0.1611039991930240,
0.2434102473708913,
-0.4534959055946072,
0.1270947355999357,
0.5015730789076827,
-0.4356072436239629,
-0.2855389631906076,
0.5145703845881708,
-0.0832395059617570,
-0.3249650305182536,
0.3854279032513027,
-0.0173230058497689,
-0.5002543461759489,
0.3515840663894687,
0.3581490284712542,
-0.5001807488534916,
-0.0256061928789062,
0.3807362853602063,
-0.3354034010050176,
-0.0521373088712767,
0.5153641388064852,
-0.3131235095792601,
-0.4161708763336932,
0.5092768891345419,
0.0942809328438166,
-0.4504205364819309,
0.2693869871317421,
0.1531940836919613,
-0.5112123232356721,
0.2371181361622322,
0.4813694359645709,
-0.4962731825754768,
-0.1959271394690614,
0.5006367288448131,
-0.1941350635262766,
-0.2255002703148488,
0.5016407895239152,
-0.1745618763516556,
-0.5253880354167505,
0.4805793945887344,
0.2683939265568625,
-0.5343468263233554,
0.1213238996318931,
0.3361427681199295,
-0.4295206467382963,
0.0440962357078867,
0.5503328526533543,
-0.4065082235793986,
-0.3762724110170074,
0.5546696995536712,
0.0033508060536090,
-0.4181927513306742,
0.3680639174445329,
0.0624145518983710,
-0.5488929486129267,
0.3283379025246690,
0.4492867098111606,
-0.5444345780228572,
-0.1080899358933129,
0.4711668336821356,
-0.2913668757869278,
-0.1450826544306791,
0.5472355329193204,
-0.2619250161544578,
-0.5037164924530854,
0.5315197561465589,
0.1913940304352177,
-0.5244890199134908,
0.2145577233024795,
0.2409073915282562,
-0.5352658342837272,
0.1871340654557337,
0.5547552194680787,
-0.5180236677172952,
-0.2795401029830436,
0.5725644451497950,
-0.1378886075873163,
-0.3126856948687373,
0.4736198198295494,
-0.0913722276427140,
-0.5601660162529273,
0.4438461390552482,
0.3529943547782550,
-0.5656701119226855,
0.0374447071202618,
0.4154268281414968,
-0.4276709026811428,
-0.0167811557032368,
0.6013098671162412,
-0.4016421137910897,
-0.4567688553102347,
0.6020518778476506,
0.0667729186516896,
-0.4940557668274867,
0.3505111440391132,
0.1246678500646853,
-0.6033053854853624,
0.3213811865334235,
0.5309177805706333,
-0.5834413422409941,
-0.1771873671894453,
0.5542307415443440,
-0.2705634029275046,
-0.2224325056667327,
0.5874067197887107,
-0.2321799793377958,
-0.5869404572345621,
0.5633917274999902,
0.2747047950734197,
-0.5988364768268372,
0.1786420794372049,
0.3181887754934870,
-0.5133153530203988,
0.1154742269093943,
0.5957793245905146,
-0.4928229859749728,
-0.3560055783260434,
0.6071168354968877,
-0.0634822556454784,
-0.3977395387767865,
0.4502175128448614,
-0.0162612713387268,
-0.5966533929818462,
0.4157361020462355,
0.4330745490079778,
-0.5989171406587490,
-0.0427747684733431,
0.4711741990589547,
-0.3789038601248688,
-0.0909317069414354,
0.6090622732792729,
-0.3418822628476594,
-0.5071175895072428,
0.5970305046658142,
0.1407667109043587,
-0.5447483460147166,
0.2957729977072209,
0.2014013951327262,
-0.5946706948470132,
0.2580358233005385,
0.5731491106952891,
-0.5843639173417928,
-0.2507868956680726,
0.5956109108330246,
-0.2048699060569812,
-0.2969238377571379,
0.5531574585478907,
-0.1559704133823618,
-0.6117163858512368,
0.5235491193839060,
0.3472435633485190,
-0.6201655865074750,
0.0999336735806517,
0.3993663196907095,
-0.5038976709357392,
0.0471382507256680,
0.6443978619446820,
-0.4760744404840008,
-0.4328380345674185,
0.6485088253406420,
0.0061076887222438,
-0.4856251304622726,
0.4284220774969857,
0.0533992751992603,
-0.6377631574155659,
0.3948681481215404,
0.5108630692715299,
-0.6374981810358022,
-0.1232612375473662,
0.5418152593733965,
-0.3471448492570346,
-0.1638173737834014,
0.6334750558064935,
-0.3027425559111072,
-0.5801098071993641,
0.6129340247635524,
0.2179485429250944,
-0.6065642811319266,
0.2522717040468935,
0.2911795179652988,
-0.5947428019430324,
0.1913608851581997,
0.6311952013623758,
-0.5743869787151028,
-0.3334286331768641,
0.6502942690560268,
-0.1329362550780428,
-0.3778933765163977,
0.5311974532573197,
-0.0846743584740345,
-0.6490372967410560,
0.4972748156575770,
0.4269451620911282,
-0.6526226958493614,
0.0235202207765624,
0.4805172159592013,
-0.4691290555022864,
-0.0392954772236923,
0.6731831576870508,
-0.4207065063295922,
-0.5273826170718160,
0.6701121197559629,
0.0978186355838929,
-0.5609776374574711,
0.3782860325539361,
0.1718809326906540,
-0.6619496204003202,
0.3268065486787806,
0.6038735585557400,
-0.6490318185364805,
-0.2113104009719640,
0.6315599039169715,
-0.2674632504700477,
-0.2817122810853726,
0.6279041395383284,
-0.2190996415542129,
-0.6558105096297990,
0.5982860709521732,
0.3390740722783612,
-0.6660297047187149,
0.1623633696064484,
0.3647598937924893,
-0.5694073960852823,
0.1165735294193674,
0.6685497186922009,
-0.5443306947817885,
-0.4081468279650803,
0.6813063129583318,
-0.0600947977600481,
-0.4557339433442285,
0.4964039995388298,
-0.0090883050204912,
-0.6743191795422341,
0.4637534420760785,
0.4978430007648611,
-0.6719391905764192,
-0.0566019546057139,
0.5367186688657398,
-0.4211293981303021,
-0.1137848321302935,
0.6830555516672997,
-0.3711423569858791,
-0.5764608852965722,
0.6668334207365396,
0.1711691815319688,
-0.6139562233919920,
0.3241632055854559,
0.2434214770628248,
-0.6517627256908206,
0.2652687652771020,
0.6424121328686969,
-0.6372703205885326,
-0.2920382756066827,
0.6659736036142011,
-0.2049898605416875,
-0.3481384449962728,
0.6015506658751961,
-0.1523653653156442,
-0.6827729984540541,
0.5686962955439893,
0.4021900558262502,
-0.6890312952666751,
0.0897230459866679,
0.4578583774140801,
-0.5365668671100255,
0.0180649315248498,
0.7061064008703802,
-0.4819042249960422,
-0.4995881609662944,
0.7056948931410444,
0.0400647873750305,
-0.5560798295442715,
0.4427647911431575,
0.1062850610624370,
-0.6838477521897367,
0.3914408520305281,
0.5803839478424545,
-0.6951052238903196,
-0.1700476441856643,
0.6109740020018206,
-0.3300545701081466,
-0.2242699771723661,
0.6673755840688608,
-0.2824817832128992,
-0.6518409416380916,
0.6393929947859763,
0.2852380564924104,
-0.6693651984037122,
0.2308691109033602,
0.3564133998443170,
-0.6293397169712363,
0.1716686802435027,
0.6959058022538546,
-0.6048657227254191,
-0.3921489389601774,
0.7174126642921854,
-0.1061140544376787,
-0.4431717555250917,
0.5574968851030175,
-0.0584981437244408,
-0.7137409389532877,
0.5211175149719802,
0.5017461454605312,
-0.7141704846178154,
-0.0077761033130825,
0.5492675201707481,
-0.4840275021558972,
-0.0755645959273749,
0.7280502926714837,
-0.4342895191915198,
-0.5913205633679176,
0.7221384029146404,
0.1422647879478841,
-0.6231688252090188,
0.3835070442989884,
0.2134514753815885,
-0.7087614391707940,
0.3252197582829001,
0.6655611394229444,
-0.6868462562701795,
-0.2589176424735303,
0.6936140830958002,
-0.2626524015203514,
-0.3314778325528212,
0.6639463861979573,
-0.2072336432324426,
-0.7105456787064290,
0.6315122282853342,
0.3913327737978854,
-0.7243318394882691,
0.1413158479828835,
0.4243407863242670,
-0.5883064972088816,
0.0759758802841359,
0.7206237341752918,
-0.5417217513427216,
-0.4760112698637023,
0.7262747264150473,
-0.0170443349364347,
-0.5235271963093665,
0.4951095770081664,
0.0476749566217447,
-0.7152371025811564,
0.4535690377250270,
0.5630889686717063,
-0.7113126335294140,
-0.1130204673591757,
0.5998444601457873,
-0.3919607241914456,
-0.1736132376929724,
0.7064079745871710,
-0.3408861332266326,
-0.6389415348297123,
0.6804642220692487,
0.2392873067415601,
-0.6687145047583308,
0.2931237720205956,
0.3064231547205301,
-0.6610167016281572,
0.2266387006256831,
0.6925220396743437,
-0.6445781008170074,
-0.3517904770713640,
0.7113292855232305,
-0.1617769669156173,
-0.4101747522381046,
0.6003700283134232,
-0.1124304018588139,
-0.7250736222194312,
0.5594005187338253,
0.4629191741862411,
-0.7302183942609930,
0.0441524201985858,
0.5161646353538877,
-0.5321604831416363,
-0.0224656659939141,
0.7466106597547540,
-0.4821660243506971,
-0.5599390552784095,
0.7395986538320249,
0.0865616803319481,
-0.6141237821942515,
0.4400252760377241,
0.1535578662773219,
-0.7242028987988173,
0.3811965032517321,
0.6402847722316373,
-0.7285444234225165,
-0.2177585711323599,
0.6722908303533849,
-0.3193047753534581,
-0.2777372479284091,
0.6932989013800461,
-0.2679486391509711,
-0.7110218373814969,
0.6639075966781841,
0.3405095224196616,
-0.7194914358023092,
0.2016265772784904,
0.4079915165299304,
-0.6482082077673122,
0.1329178994874173,
0.7362119730415044,
-0.5966715147493126,
-0.4485738449025746,
0.7596981452388453,
-0.0699284702376113,
-0.4994174211727810,
0.5517147281279156,
-0.0078179680428718,
-0.7427946647326876,
0.5169190332820754,
0.5581212348058181,
-0.7396771791465696,
-0.0580956640830954,
0.5975767384180778,
-0.4510913377196527,
-0.1269406841233906,
0.7519349222273680,
-0.3987384017824918,
-0.6314773768832949,
0.7248415465147227,
0.2008600329742383,
-0.6758006765648807,
0.3560284560412760,
0.2707776069349847,
-0.7092197076030922,
0.2822713585615607,
0.7031697204715458,
-0.6967157046623802,
-0.3197122054939968,
0.7284917842430582,
-0.2170036615526961,
-0.3867042748666509,
0.6524051743691021,
-0.1678573865715505,
-0.7499104352927206,
0.6155092047273458,
0.4458065473883812,
-0.7548508918932195,
0.0954424817145533,
0.4925868681609701,
-0.5882556172250099,
0.0367662853287010,
0.7664609385124387,
-0.5375821070535318,
-0.5362895131742118,
0.7683662723059992,
0.0335027071535641,
-0.5852309455092123,
0.4976574431633503,
0.0980113885806870,
-0.7497982169155907,
0.4392051387727676,
0.6276005598624206,
-0.7552271678518733,
-0.1618716744415684,
0.6608833911450601,
-0.3749758436558117,
-0.2320028568508731,
0.7324371596367715,
-0.3278903867085444,
-0.6987374934124395,
0.7036672635382287,
0.2986082783761289,
-0.7248579985802309,
0.2622871614120775,
0.3640986002935806,
-0.6867136332399703,
0.1931108520191402,
0.7489240791756068,
-0.6531775830535855,
-0.4177770582679802,
0.7678125992712888,
-0.1289193347323124,
-0.4757445703471125,
0.6078888171627300,
-0.0651190358344331,
-0.7708371471997143,
0.5693335905813766,
0.5299626601227835,
-0.7732643312316635,
-0.0029117819397072,
0.5721417196441939,
-0.5343180542820362,
-0.0689772314505488,
0.7797200769945264,
-0.4770418132002340,
-0.6195088025969069,
0.7743927862305158,
0.1290929483432967,
-0.6649056304337946,
0.4131856436242435,
0.1963653288110139,
-0.7591218932324545,
0.3695727681751346,
0.6939013044127251,
-0.7336169946346045,
-0.2763146965342148,
0.7238233349185557,
-0.3069370220387592,
-0.3269643358985010,
0.7161905383078159,
-0.2271427394817044,
-0.7530071993427523,
0.6842482345481123,
0.3895060704282271,
-0.7659607113410096,
0.1716334763152840,
0.4585133403811993,
-0.6310583686516986,
0.0964671864502806,
0.7763769645899673,
-0.5940378088828441,
-0.5036110525810720,
0.7804683080156092,
-0.0199934184937697,
-0.5529536210820194,
0.5463699510760320,
0.0383603362639177,
-0.7752679396961437,
0.4898688356583668,
0.6054605266350339,
-0.7673310123252982,
-0.1065715787266597,
0.6456588437806814,
-0.4282496324068449,
-0.1821154125104951,
0.7590520786715846,
-0.3807638542670379,
-0.6782595024878181,
0.7349012241327932,
0.2528508638072753,
-0.7155628955865242,
0.3171937119194834,
0.3209169721260872,
-0.7119481858958246,
0.2459131280923451,
0.7418494949276182,
-0.6889902725494410,
-0.3758818731731121,
0.7607691816411187,
-0.1777251513565830,
-0.4389031681674733,
0.6462108973271546,
-0.1196546429899620,
-0.7760353032917560,
0.6029547406564226,
0.4943958255400631,
-0.7835166008654272,
0.0506287063624224,
0.5459420271425302,
-0.5770343266796177,
-0.0082838168848458,
0.7941217455899171,
-0.5218431577165725,
-0.5908540671177683,
0.7918483718408361,
0.0823298736442420,
-0.6343624953728737,
0.4859674767769326,
0.1465636506532397,
-0.7757888655670648,
0.4167470897292044,
0.6781230428500905,
-0.7801634319205746,
-0.2074455575710724,
0.7114697118073343,
-0.3573345500299713,
-0.2854809095795454,
0.7440908499345195,
-0.3085976538767136,
-0.7462708904432808,
0.7162068901698376,
0.3502447221489854,
-0.7640025014212203,
0.2241258963154169,
0.4113870475971949,
-0.7003645709796799,
0.1520750116265869,
0.7823355283392996,
-0.6408669893934670,
-0.4699548208991259,
0.8057241022398592,
-0.0994782953022711,
-0.5279603264607112,
0.5949645928635975,
-0.0161944892539879,
-0.7924981742127133,
0.5689473514922724,
0.5780691123927318,
-0.7889118038021066,
-0.0542460386081477,
0.6074398819445882,
-0.5005109192753023,
-0.1119807226182305,
0.8031784390808595,
-0.4397357240834098,
-0.6568312357277669,
0.7688317509412472,
0.1775240612308226,
-0.7093531883034510,
0.3996666537374405,
0.2474951023982403,
-0.7521916385193113,
0.3287677639251486,
0.7205236060574359,
-0.7496219376462543,
-0.3204848423363141,
0.7476609215212408,
-0.2608168492046284,
-0.3727946288884518,
0.7003173637475862,
-0.2007112645827946,
-0.7907898304285288,
0.6623423514517126,
0.4358845623459406,
-0.7879241773728839,
0.1300250921275337,
0.5057026021950335,
-0.6382081789756643,
0.0639884244733558,
0.8072744376981014,
-0.5838828775201093,
-0.5494376646547784,
0.8155533339448217,
0.0123315905737856,
-0.5981930008198493,
0.5476536618279743,
0.0820386378537354,
-0.7952570026264106,
0.4856026322096700,
0.6534542310757513,
-0.8026637492905453,
-0.1373794269694076,
0.6904156970702090,
-0.4154600073628054,
-0.2231445282100480,
0.7838857406231635,
-0.3797413948615922,
-0.7218451654264346,
0.7535939828190203,
0.2940598341825262,
-0.7599317655044927,
0.3000783921550244,
0.3445351443306945,
-0.7448977567536635,
0.2303098825552276,
0.7844669827289908,
-0.7020654928668965,
-0.4215602513131531,
0.8013509559434087,
-0.1790986629704107,
-0.4824837591445309,
0.6601028823822150,
-0.0915237905037305,
-0.8136115483778779,
0.6292360693427722,
0.5264297096403775,
-0.8188394008236489,
0.0221460967128386,
0.5917419025531945,
-0.5744418664507225,
-0.0402691005025311,
0.8174258082199477,
-0.5194255011556717,
-0.6375861389251453,
0.8171067629901075,
0.1204014019015515,
-0.6671868220489616,
0.4611268445031452,
0.1874015134751355,
-0.8023117062824031,
0.4021159844618107,
0.7218917486061092,
-0.7723605024789252,
-0.2485514540238209,
0.7537892949738236,
-0.3395853287270649,
-0.3288460313712843,
0.7587154105012182,
-0.2720571641534467,
-0.7652864939515835,
0.7284436072197130,
0.3929933694256166,
-0.8006337687062307,
0.1981344089165578,
0.4474551415729004,
-0.6807405561098251,
0.1232769155837055,
0.8150324032636957,
-0.6415172061069637,
-0.5137206811631633,
0.8113898492939667,
-0.0596811765999513,
-0.5732363346149260,
0.5910873591530927,
0.0179847707635852,
-0.8205300362127396,
0.5404311595048430,
0.6063734272949629,
-0.8132926924066955,
-0.0953035606892146,
0.6497087369032346,
-0.4762227109877752,
-0.1522310118509741,
0.7988229420805355,
-0.4200028506471554,
-0.7020201050206244,
0.7747810519946414,
0.2258243116758234,
-0.7280524392430848,
0.3647689782206449,
0.2996018547111111,
-0.7561260416961150,
0.2945873570976197,
0.7533494747535948,
-0.7334707966236242,
-0.3567395887791909,
0.7826715022800100,
-0.2207637151067603,
-0.4186670501154943,
0.6930016565872171,
-0.1621387520445869,
-0.8006122069158572,
0.6514685190118853,
0.4869706154198986,
-0.8082501475131946,
0.0929338860713920,
0.5393428747376787,
-0.6188389453666981,
0.0243834465747435,
0.8208541761758295,
-0.5668011358463713,
-0.5853381731662133,
0.8201209058265245,
0.0510421761990234,
-0.6335808653187117,
0.5249419411756113,
0.1178388874381715,
-0.8099646429051430,
0.4583061097732012,
0.6810898762178551,
-0.8055020227503105,
-0.1766733872016162,
0.7227884494505702,
-0.3979778110862640,
-0.2619765399982892,
0.7787577434948506,
-0.3491055571863655,
-0.7458519757216845,
0.7535275500613837,
0.3308141581730714,
-0.7778588517935616,
0.2651439686309635,
0.3818926031610861,
-0.7305684525432445,
0.1949575181518747,
0.7984373408999936,
-0.6840376055392877,
-0.4569773246599071,
0.8130079589152662,
-0.1410764083474371,
-0.5146081611894084,
0.6395568461999561,
-0.0528105374735297,
-0.8201199463615160,
0.6066187331834567,
0.5591182488171705,
-0.8205590490887152,
-0.0181254145124915,
0.6199915434156702,
-0.5437549338118616,
-0.0777528732982614,
0.8252008325163579,
-0.4875199082302062,
-0.6642495495381308,
0.8100566773489229,
0.1612974296638377,
-0.7018333674799166,
0.4404790591248888,
0.2280683360852354,
-0.7934324247991311,
0.3659276947498654,
0.7419821666167653,
-0.7765913567441186,
-0.2895022951805162,
0.7685787940313499,
-0.2997543653668946,
-0.3670822830917754,
0.7424098957399078,
-0.2420831996077545,
-0.7938242762045399,
0.7059338210388499,
0.4287014288254204,
-0.8141138484100379,
0.1591628724325766,
0.4839080059753590,
-0.6702238352823671,
0.0900489373381490,
0.8360023392486592,
-0.6216658304242523,
-0.5482740818377997,
0.8265232147909846,
-0.0251791370664386,
-0.6131465238991585,
0.5834321658425267,
0.0575129592280532,
-0.8250897778342055,
0.5225612399863485,
0.6397308475900310,
-0.8434418582905205,
-0.1231544392375793,
0.6873005685269861,
-0.4563315506626754,
-0.1896903765705596,
0.8048391625114439,
-0.4156166609928914,
-0.7439660162991747,
0.7820096275214516,
0.2670736454179962,
-0.7556287949408290,
0.3390071164171984,
0.3377161175337889,
-0.7825383480529197,
0.2681288646992067,
0.7815914789962154,
-0.7296513429522840,
-0.3942499342627369,
0.8271973754393076,
-0.2069226114531253,
-0.4564885888672070,
0.6880809274902733,
-0.1298647259736113,
-0.8194715234574841,
0.6673366805939664,
0.5306805679009821,
-0.8281964696840728,
0.0610753843102955,
0.5790345495782618,
-0.6122401561870829,
-0.0123157252608133,
0.8459977877692770,
-0.5551537435336119,
-0.6210868320757240,
0.8384184253091643,
0.0870855497964176,
-0.6775322634032701,
0.5040367154067642,
0.1535803556311075,
-0.8201474363678469,
0.4411695953010577,
0.7180580247649990,
-0.8141136606588855,
-0.2378964482659000,
0.7552205737914468,
-0.3789613183279331,
-0.3017852333368861,
0.7873587341607980,
-0.3057631016537978,
-0.7919425752992019,
0.7602269976634339,
0.3688619924255348,
-0.8071376120220283,
0.2380546230175058,
0.4511681148097371,
-0.7215361822871016,
0.1673072870704331,
0.8241344482330365,
-0.6786141299712567,
-0.4954352045717713,
0.8469554899391948,
-0.0805508850096664,
-0.5518990603111315,
0.6318887971865460,
-0.0190248842619185,
-0.8381964923808812,
0.5786552568550887,
0.6228684445702477,
-0.8307891533831512,
-0.0574423749567001,
0.6509121245318980,
-0.5162647582793304,
-0.1420526455353472,
0.8383901127829485,
-0.4605798624915629,
-0.6941093819787663,
0.8067717039905967,
0.2024306518360279,
-0.7530944266881215,
0.3976060963525055,
0.2695166700561290,
-0.7872192400087161,
0.3314294800823895,
0.7648554146573024,
-0.7741926328974168,
-0.3564450895656782,
0.7889120034984148,
-0.2621108274095463,
-0.4064376288170473,
0.7295557434498020,
-0.1875559228875371,
-0.8319910535675994,
0.6885664566151963,
0.4674647187999746,
-0.8361091010225241,
0.1216225508986326,
0.5396318272320639,
-0.6607836907864235,
0.0575770417166739,
0.8491597923294365,
-0.6066240857286124,
-0.5898137035862310,
0.8535495438634382,
0.0270975564149552,
-0.6395061079089034,
0.5635853073491339,
0.0970072620556199,
-0.8428130792778712,
0.4974040238589204,
0.6934790284878729,
-0.8400973429050711,
-0.1547938262425208,
0.7280288683228613,
-0.4396439836640049,
-0.2479384605340500,
0.8170326416227138,
-0.3884139769274394,
-0.7611614712570988,
0.7924169555750026,
0.3107762019142197,
-0.8003667688484892,
0.2993759822501905,
0.3700784950459582,
-0.7722372723647690,
0.2323799583600975,
0.8222579373613789,
-0.7246101936857988,
-0.4541199265599232,
0.8385094951641985,
-0.1755713381931223,
-0.5123765027071249,
0.6838478380628762,
-0.0792034737975469,
-0.8513670117487949,
0.6492219790725096,
0.5585618015430852,
-0.8547973443283543,
0.0093215715691640,
0.6317936875959589,
-0.5793933518429099,
-0.0464716749141576,
0.8549036900946201,
-0.5280698491993899,
-0.6740517957174192,
0.8449400235624683,
0.1488462032592127,
-0.7042185411618269,
0.4818003659920420,
0.2128764821228649,
-0.8302943405785509,
0.3965222139284634,
0.7614125994335421,
-0.8103458978811341,
-0.2692194670267862,
0.7925737340070571,
-0.3276303516195082,
-0.3632786652017488,
0.7781537292502584,
-0.2785527788611081,
-0.8076864884438121,
0.7426329832768248,
0.4301486471254748,
-0.8382508251145396,
0.1865183012158588,
0.4839757506191410,
-0.7073760615312074,
0.1171920507755627,
0.8539874587427623,
-0.6581296955473580,
-0.5508122063516482,
0.8561647478935991,
-0.0461938453678019,
-0.6061784973402382,
0.6135430351164153,
0.0353668068653043,
-0.8566726461628866,
0.5572559740886768,
0.6512503427550480,
-0.8518624674754270,
-0.0912304373678456,
0.6909457836981195,
-0.4961766910782065,
-0.1778011211253974,
0.8389233229484921,
-0.4458566362839216,
-0.7314665013836975,
0.8150582560350260,
0.2466668475556311,
-0.7745443427432677,
0.3691443148877107,
0.3084324926468008,
-0.7965283910759701,
0.3002327457331067,
0.7987281009816934,
-0.7645189507175433,
-0.3906753116947952,
0.8204307880851578,
-0.2376195312342735,
-0.4522622744224322,
0.7240572478601937,
-0.1542968119770665,
-0.8448119544601139,
0.6878845813011161,
0.5068967078809231,
-0.8528057716312483,
0.0880442486362176,
0.5701656206984482,
-0.6437441625055084,
0.0194727397001929,
0.8570793834435027,
-0.5901397001649051,
-0.6230964703436557,
0.8583855591042747,
0.0615740162841376,
-0.6684797336013498,
0.5361001462278743,
0.1344043017940946,
-0.8487571479008627,
0.4733267126643780,
0.7185280985559958,
-0.8265499537664872,
-0.2100138651505524,
0.7546884150370526,
-0.4142048183291633,
-0.2824594735267675,
0.8130118349291534,
-0.3352400313956044,
-0.7834053784263022,
0.7873477583681254,
0.3467322895295618,
-0.8177680188865842,
0.2688433640397004,
0.4227727149611059,
-0.7403457861284024,
0.2005686478394186,
0.8364568611346623,
-0.7104731552279338,
-0.4865809235559799,
0.8449179533053077,
-0.1145303485702647,
-0.5426953906463873,
0.6666641376891094,
-0.0445327309100087,
-0.8597495042552940,
0.6046065316225674,
0.6007160662353804,
-0.8577575596915646,
-0.0262200109324977,
0.6573333748759848,
-0.5542993965674639,
-0.1093901945269793,
0.8467750554524045,
-0.5015002130407037,
-0.6982341960596141,
0.8404370482637220,
0.1845223091571345,
-0.7391523093886798,
0.4289886323159831,
0.2487796909053542,
-0.8230800998299466,
0.3652415834086458,
0.7799598484619129,
-0.7901724116734572,
-0.3263271744084573,
0.8058980821407741,
-0.2961162030448844,
-0.3974378534749519,
0.7647417433741152,
-0.2210616377020127,
-0.8262578726439275,
0.7256853160589726,
0.4599899076705867,
-0.8490130605899480,
0.1531492773846911,
0.5150853598756481,
-0.6845864599676329,
0.0888923743424806,
0.8737601320975418,
-0.6386074155678756,
-0.5796476671208712,
0.8562649868646439,
-0.0072064044165415,
-0.6409158660649317,
0.6034244583348235,
0.0680516164374331,
-0.8589234345084550,
0.5261715720407812,
0.6746957621020262,
-0.8713307713209705,
-0.1443091821545769,
0.7179296565490076,
-0.4729032745012181,
-0.2154761727793573,
0.8283779079622097,
-0.4154610350354655,
-0.7793975077282180,
0.8124198098131730,
0.2824927261790257,
-0.7895733645582618,
0.3324822817690953,
0.3661357532012224,
-0.8039034685255920,
0.2661186548301499,
0.8154186544304132,
-0.7444885511668595,
-0.4252128663976462,
0.8610890292683223,
-0.1982181802941192,
-0.4857648439170949,
0.7060716073719966,
-0.1144090190165761,
-0.8497985924161836,
0.6809599208846092,
0.5629961988402573,
-0.8566465970279458,
0.0451292487918940,
0.6112894800812420,
-0.6052191972739815,
-0.0325739270307647,
0.8821502936684903,
-0.5573984941230432,
-0.6533433125106205,
0.8528445363481102,
0.1167905111944585,
-0.7194658164692183,
0.5099591013689572,
0.1786293326900591,
-0.8408241073783631,
0.4265949018630657,
0.7478286838548535,
-0.8427058223687260,
-0.2610272983127405,
0.7836325851428866,
-0.3600893596851462,
-0.3341614788873390,
0.7937827861708610,
-0.3052225145133091,
-0.8279974672222907,
0.7627217412176215,
0.4028964413097384,
-0.8321280808042435,
0.2178939070641655,
0.4730025548801259,
-0.7449565233928571,
0.1472866215578494,
0.8467928598323300,
-0.6788232622958381,
-0.5270159885125351,
0.8790012762637510,
-0.0776027513293707,
-0.5817650263507864,
0.6315637919198173,
0.0042468329307223,
-0.8592216022567672,
0.5960618179252046,
0.6503630821942443,
-0.8625294150298597,
-0.0600565821396347,
0.6815559550461042,
-0.5283398576478187,
-0.1537283692802015,
0.8687187191681242,
-0.4767797206519686,
-0.7216360930845117,
0.8343466525201492,
0.2196295901920527,
-0.7835605246615418,
0.4064962319558940,
0.2823674601216858,
-0.8167841165077622,
0.3328378779508037,
0.7965826783726138,
-0.7994980526072771,
-0.3749190671845763,
0.8219259357720186,
-0.2685426289179753,
-0.4313868331321246,
0.7486525348153579,
-0.1886191022521658,
-0.8628782085693639,
0.7135610359015253,
0.4895146958618419,
-0.8712959108253514,
0.1231874860561674,
0.5690270375250638,
-0.6762235710777954,
0.0423601888201256,
0.8759745386777466,
-0.6280839931112415,
-0.6168483474071556,
0.8832135351738436,
0.0405536658187038,
-0.6698187647942566,
0.5658818417732603,
0.1084038254544742,
-0.8745122275820545,
0.5050348628389951,
0.7255674815909741,
-0.8425619052514217,
-0.1846528502919616,
0.7613296712897087,
-0.4468067690891120,
-0.2688053724483823,
0.8423041181469056,
-0.3652754796297542,
-0.7802218861372280,
0.8178635973447180,
0.3327452265960376,
-0.8322986200869156,
0.2985728977227097,
0.3995954780110152,
-0.7624772007046403,
0.2328321907635187,
0.8527685853586525,
-0.7431650767863127,
-0.4793564525013500,
0.8487471738723541,
-0.1464080235815479,
-0.5355043873018208,
0.7033207874746011,
-0.0712095861390472,
-0.8813714200154626,
0.6324025655682950,
0.5845919209578296,
-0.8839585194373321,
0.0028645707175519,
0.6572433983725724,
-0.5924651111028935,
-0.0783198022998350,
0.8590576406847901,
-0.5402489923895610,
-0.7003939947010166,
0.8702520918978152,
0.1614790288078509,
-0.7292541873406961,
0.4607267692093344,
0.2275647512945177,
-0.8549590607062499,
0.4012186725103321,
0.7891185298830763,
-0.8093867408646214,
-0.3003434801590130,
0.8163553206414644,
-0.3430925638179751,
-0.3823034527471341,
0.7985685285286250,
-0.2533990796289194,
-0.8259322376140185,
0.7690540644706558,
0.4394845467959486,
-0.8666523331185360,
0.1821932666415453,
0.5208809194800483,
-0.7139826913994544,
0.1173953073136427,
0.8805175730768413,
-0.6718384431538817,
-0.5768098775194773,
0.8833001908639809,
-0.0207330322381879,
-0.6275857512736347,
0.6288769813930470,
0.0488759563034108,
-0.8842026835064178,
0.5534958216481635,
0.6883932089196260,
-0.8759410253987423,
-0.1148361483274523,
0.7292674755586422,
-0.4995898916962180,
-0.2097666332384640,
0.8581645897239438,
-0.4416074167724991,
-0.7651179444119689,
0.8402606421508905,
0.2750607671564648,
-0.8089150321343546,
0.3554733208433244,
0.3384188613462530,
-0.8155741354772408,
0.2916428168171050,
0.8336807876440286,
-0.7742594330546190,
-0.4259958487556234,
0.8535218836841422,
-0.2271207233050483,
-0.4847033010720775,
0.7381464525232574,
-0.1325581949799758,
-0.8736915075098576,
0.6993847426272438,
0.5394861051123846,
-0.8802875755633314,
0.0651448998726609,
0.6104662719310754,
-0.6355007987497538,
-0.0046915367392106,
0.8812162233063628,
-0.5872457761126760,
-0.6588639093393480,
0.8759855258078667,
0.0979256907686963,
-0.7022145537507803,
0.5317273667413742,
0.1655406111697710,
-0.8672010069837081,
0.4552730554923884,
0.7548318718195220,
-0.8508751944494735,
-0.2331185971606173,
0.7874138948243865,
-0.3944876119386992,
-0.3222985924067366,
0.8206654403413212,
-0.3324281189872308,
-0.8171766645176649,
0.7921034169875815,
0.3850898826079836,
-0.8472412250682924,
0.2432266940078595,
0.4478143350006061,
-0.7604026760927336,
0.1759183859769074,
0.8628671894776638,
-0.7084046287082451,
-0.5245997104133304,
0.8759850201839924,
-0.1069712536291361,
-0.5779562385945290,
0.6642049706066685,
-0.0143920179949433,
-0.8817132211376713,
0.6175482807814366,
0.6301452875120770,
-0.8863957349964172,
-0.0540983173093487,
0.6955322413793182,
-0.5502070770311295,
-0.1247961448906477,
0.8739979446152115,
-0.4963440167111672,
-0.7364467606934627,
0.8599590542613705,
0.2174617482457148,
-0.7698966053413698,
0.4326369092772691,
0.2828558223202055,
-0.8416289721918233,
0.3505736969411909,
0.8148039394328317,
-0.8118271720973061,
-0.3481106906088271,
0.8392856886013295,
-0.2878118159951739,
-0.4330685129888929,
0.7738376154405977,
-0.2173815758948671,
-0.8564083829344019,
0.7391674378195455,
0.4912980634727426,
-0.8748977885088248,
0.1532194366013079,
0.5456637779414670,
-0.6949664077102352,
0.0641040635408602,
0.8832417187762419,
-0.6534618208123069,
-0.6010675211081756,
0.8835520485422353,
0.0104527105967735,
-0.6625487790140542,
0.5878769410848554,
0.0803636626000764,
-0.8824260835717666,
0.5289704997208897,
0.7074614170220873,
-0.8687040260195653,
-0.1739287043030731,
0.7471875043611891,
-0.4725028463761689,
-0.2398450610027796,
0.8503228168600800,
-0.3899712939752256,
-0.7952066623686038,
0.8297036451309012,
0.3058362810223525,
-0.8211887653643168,
0.3266477352380651,
0.3948492857503453,
-0.7926374068137314,
0.2617025437600214,
0.8447378162645389,
-0.7588398730881917,
-0.4534596050519364,
0.8694848715628459,
-0.1686780662746485,
-0.5114610559332582,
0.7211871699551210,
-0.1012829867627065,
-0.8781797689459938,
0.6626475186875218,
0.5875806757798897,
-0.8836115943029809,
0.0329751615386495,
0.6371065393178917,
-0.6153415043302803,
-0.0628929646363094,
0.8836242961065366,
-0.5638917507523121,
-0.6816262805751673,
0.8761625942384440,
0.1314931419861030,
-0.7390092982441959,
0.4875271177493128,
0.1980043502503142,
-0.8624600888607747,
0.4286994310877397,
0.7754271637710037,
-0.8365940493755355,
-0.2903599893881511,
0.8072180776196582,
-0.3706958632289862,
-0.3548006362377402,
0.8120415974692362,
-0.2782064527375195,
-0.8408867935039113,
0.7851704384632239,
0.4154028640165983,
-0.8600663701254779,
0.2124771673516948,
0.4986643587404309,
-0.7323465084161438,
0.1462588901997891,
0.8743638945405510,
-0.6917574832534986,
-0.5531357486796469,
0.8847957857965808,
-0.0495754183124299,
-0.6048471617538600,
0.6478870738982456,
0.0181976265350527,
-0.8853695289541775,
0.5774162869111545,
0.6721397357521466,
-0.8816853900936846,
-0.0850707986796126,
0.7123049559549117,
-0.5232561866984404,
-0.1823962313379331,
0.8673531761334208,
-0.4687390856470122,
-0.7517778189166621,
0.8488972015626229,
0.2471891605149960,
-0.7995972954872398,
0.3828224509303926,
0.3114837416651847,
-0.8284281047374772,
0.3201809956694383,
0.8248787312063799,
-0.7903774129681653,
-0.4019777110894243,
0.8479212104477672,
-0.2561051026384200,
-0.4606407193883452,
0.7560204722423017,
-0.1616147859986308,
-0.8719375581232619,
0.7190948615013173,
0.5175273602953938,
-0.8808857309571188,
0.0951163427106424,
0.5936992905441489,
-0.6583845197931798,
0.0221470320226854,
0.8879000120378514,
-0.6115921155324687,
-0.6417349511704463,
0.8841933288537831,
0.0708376387460154,
-0.6914815954453030,
0.5572829010227810,
0.1378408255891542,
-0.8763978332968457,
0.4816273676442612,
0.7447884400847243,
-0.8615675670888550,
-0.2055134658021713,
0.7801740900369269,
-0.4230842061449572,
-0.2983060820031119,
0.8353571819773150,
-0.3607075266615408,
-0.8084752185297717,
0.8101426140354915,
0.3619087028303100,
-0.8449343968916663,
0.2714367119705600,
0.4232439384911438,
-0.7775085032019422,
0.2055713190424163,
0.8633740565783263,
-0.7296174980137762,
-0.5057683783740203,
0.8747584715761259,
-0.1368752269047757,
-0.5601813356948425,
0.6881378850564552,
-0.0423364884031707,
-0.8868371090600125,
0.6406103847697561,
0.6110809857415834,
-0.8858255106464856,
-0.0258098794319931,
0.6777889062321354,
-0.5724253315713105,
-0.0954655372208849,
0.8804196583261915,
-0.5189036051325095,
-0.7193343425138599,
0.8668961455589548,
0.1899673887136920,
-0.7568775845581800,
0.4599271887650800,
0.2556293804835532,
-0.8494626913790114,
0.3767193005464496,
0.8039819250470976,
-0.8257847183420153,
-0.3214543053057073,
0.8269961306614714,
-0.3154439587150551,
-0.4089096301607896,
0.7884816613611738,
-0.2469522906769350,
-0.8513666451793965,
0.7535927640471789,
0.4647103221303165,
-0.8885604197690316,
0.1724927288213445,
-0.8939052659613648,
0.1422207318322230,
-0.8982190946728752,
0.1117846994959144,
-0.9014969303955529,
0.0812197362944934,
-0.9037349925208055,
0.0505610954170411,
-0.9049306996999573,
0.0198441380991230,
-0.9050826728215405,
-0.0108957071623514,
-0.9041907366019416,
-0.0416229854718478,
-0.9022559197875718,
-0.0723022564283733,
-0.8992804539683250,
-0.1028981350019259,
-0.8952677710036950,
-0.1333753323460788,
-0.8902224990645169,
-0.1636986964996291,
-0.8841504572949024,
-0.1938332529303638,
-0.8770586491005223,
-0.2237442448741828,
-0.8689552540709791,
-0.2533971734230505,
-0.8598496185455859,
-0.2827578373155407,
-0.8497522448334331,
-0.3117923723840794,
-0.8386747791001763,
-0.3404672906133890,
-0.8266299979355156,
-0.3687495187650837,
-0.8136317936168617,
-0.3966064365238668,
-0.7996951580861821,
-0.4240059141213335,
-0.7848361656585112,
-0.4509163493939837,
-0.7690719544820667,
-0.4773067042327035,
-0.7524207067713548,
-0.5031465403816729,
-0.7349016278360666,
-0.5284060545454137,
-0.7165349239299499,
-0.5530561127634811,
-0.6973417789452057,
-0.5770682840131550,
-0.6773443299792925,
-0.6004148730013730,
-0.6565656418023161,
-0.6230689521080826,
-0.6350296802544554,
-0.6450043924441721,
-0.6127612846041066,
-0.6661958939881546,
-0.5897861388986290,
-0.6866190147668491,
-0.5661307423407329,
-0.7062501990464018,
-0.5418223787246813,
-0.7250668045011297,
-0.5168890849675533,
-0.7430471283288543,
-0.4913596187718673,
-0.7601704322826012,
-0.4652634254568602,
-0.7764169665897958,
-0.4386306039966797,
-0.7917679927313678,
-0.4114918723046604,
-0.8062058050544888,
-0.3838785318037240,
-0.8197137511940181,
-0.3558224313237683,
-0.8322762512791012,
-0.3273559303676849,
-0.8438788159027686,
-0.2985118617883734,
-0.8545080628338099,
-0.2693234939198013,
-0.8641517324516467,
-0.2398244922057859,
-0.8727987018864020,
-0.2100488803707553,
-0.8804389978478596,
-0.1800310011772742,
-0.8870638081285132,
-0.1498054768155949,
-0.8926654917674390,
-0.1194071689709212,
-0.8972375878632712,
-0.0888711386144417,
-0.9007748230261124,
-0.0582326055645100,
-0.9032731174597856,
-0.0275269078646125,
-0.9047295896674125,
0.0032105389750228,
-0.9051425597748906,
0.0339442828251668,
-0.9045115514684356,
0.0646388758275650,
-0.9028372925439556,
0.0952589152799881,
-0.9001217140676208,
0.1257690844691990,
-0.8963679481485998,
0.1561341934047427,
-0.8915803243265308,
0.1863192194065749,
-0.8857643645778915,
0.2162893474997178,
-0.8789267769470320,
0.2460100105693516,
-0.8710754478092119,
0.2754469292300276,
-0.8622194327745690,
0.3045661513630188,
-0.8523689462435091,
0.3333340912762051,
-0.8415353496255626,
0.3617175684413279,
-0.8297311382352989,
0.3896838457639342,
-0.8169699268804096,
0.4172006673418707,
-0.8032664341585856,
0.4442362956687776,
-0.7886364654812975,
0.4707595482396720,
-0.7730968948440624,
0.4967398335164009,
-0.7566656453642188,
0.5221471862114813,
-0.7393616686086614,
0.5469523018496321,
-0.7212049227353765,
0.5711265705671342,
-0.7022163494739891,
0.5946421101100366,
-0.6824178499718736,
0.6174717979931464,
-0.6618322595336845,
0.6395893027827142,
-0.6404833212834453,
0.6609691144667300,
-0.6183956587795699,
0.6815865738778052,
-0.5955947476144050,
0.7014179011347013,
-0.5721068860310473,
0.7204402230697033,
-0.5479591645913293,
0.7386315996102021,
-0.5231794349299534,
0.7559710490840590,
-0.4977962776308182,
0.7724385724195645,
-0.4718389692625829,
0.7880151762120802,
-0.4453374486114945,
0.8026828946307588,
-0.4183222821504224,
0.8164248101400745,
-0.3908246287839276,
0.8292250730122657,
-0.3628762039100303,
0.8410689196081834,
-0.3345092428401263,
0.8519426894054591,
-0.3057564636192418,
0.8618338407543565,
-0.2766510292895108,
0.8707309653431288,
-0.2472265096403994,
0.8786238013562016,
-0.2175168424897930,
0.8855032453100039,
-0.1875562945406054,
0.8913613625527951,
-0.1573794218580561,
0.8961913964163775,
-0.1270210300132017,
0.8999877760091413,
-0.0965161339386905,
0.9027461226414498,
-0.0658999175430431,
0.9044632548759582,
-0.0352076931300376,
0.9051371921970367,
-0.0044748606700066,
0.9047671572950695,
0.0262631330299798,
0.9033535769629918,
0.0569708352099515,
0.9008980816040337,
0.0876128280477422,
0.8974035033512361,
0.1181537695093958,
0.8928738728009092,
0.1485584341121607,
0.8873144143638010,
0.1787917535530547,
0.8807315402393365,
0.2088188571561420,
0.8731328430198799,
0.2386051120918686,
0.8645270869335466,
0.2681161633220707,
0.8549241977356697,
0.2973179732245815,
0.8443352512605756,
0.3261768608517350,
0.8327724606468765,
0.3546595407774869,
0.8202491622510117,
0.3827331614883465,
0.8067798002652860,
0.4103653432738401,
0.7923799100581455,
0.4375242155728031,
0.7770661002559076,
0.4641784537324272,
0.7608560335866101,
0.4902973151376647,
0.7437684065080744,
0.5158506746693187,
0.7258229276436797,
0.5408090594499217,
0.7070402950507210,
0.5651436828373302,
0.6874421723475664,
0.5888264776268218,
0.6670511637271521,
0.6118301284234077,
0.6458907878856304,
0.6341281031470148,
0.6239854508962442,
0.6556946836342065,
0.6013604180597136,
0.6765049953011417,
0.5780417847635998,
0.6965350358335634,
0.5540564463842620,
0.7157617028707215,
0.5294320672661155,
0.7341628206513040,
0.5041970488139761,
0.7517171655906419,
0.4783804967352868,
0.7684044907596856,
0.4520121874700141,
0.7842055492375224,
0.4251225338469305,
0.7991021163104981,
0.3977425500058943,
0.8130770104923396,
0.3699038156265868,
0.8261141133410344,
0.3416384395049646,
0.8381983880496097,
0.3129790225194353,
0.8493158967893690,
0.2839586200294729,
0.8594538167855844,
0.2546107037500421,
0.8686004551070990,
0.2249691231458034,
0.8767452621527874,
0.1950680663896266,
0.8838788438193119,
0.1649420209304449,
0.8899929723361483,
0.1346257337159260,
0.8950805957553767,
0.1041541711158434,
0.8991358460852971,
0.0735624785923671,
0.9021540460584871,
0.0428859401637939,
0.9041317145264947,
0.0121599377084675,
0.9050665704749444,
-0.0185800898441713,
0.9049575356544273,
-0.0492986873883360,
0.9038047358241372,
-0.0799604245353038,
0.9016095006068234,
-0.1105299364783163,
0.8983743619552211,
-0.1409719647818396,
0.8941030512317354,
-0.1712513980481363,
0.8888004949047397,
-0.2013333124142472,
0.8824728088664593,
-0.2311830118326726,
0.8751272913789889,
-0.2607660680892944,
0.8667724146565815,
-0.2900483605123837,
0.8574178150939189,
-0.3189961153268924,
0.8470742821516324,
-0.3475759446086402,
0.8357537459118941,
-0.3757548847934661,
0.8234692633184316,
-0.4035004346969292,
0.8102350031168368,
-0.4307805930007079,
0.7960662295125387,
-0.4575638951624597,
0.7809792845652879,
-0.4838194497065728,
0.7649915693404604,
-0.5095169738539490,
0.7481215238389186,
-0.5346268284497264,
0.7303886057285793,
-0.5591200521486539,
0.7118132679022202,
-0.5829683948186910,
0.6924169348874060,
-0.6061443501243030,
0.6722219781357477,
-0.6286211872518741,
0.6512516902199913,
-0.6503729817406426,
0.6295302579686994,
-0.6713746453836010,
0.6070827345695110,
-0.6916019551638746,
0.5839350106731549,
-0.7110315811931988,
0.5601137845315458,
-0.7296411136202789,
0.5356465312044040,
-0.7474090884779890,
0.5105614708699169,
-0.7643150124396034,
0.4848875362759908,
-0.7803393864555050,
0.4586543393696362,
-0.7954637282431091,
0.4318921371429731,
-0.8096705936040616,
0.4046317967352517,
-0.8229435965441274,
0.3769047598311381,
-0.8352674281725603,
0.3487430063963266,
-0.8466278743591570,
0.3201790177923078,
-0.8570118321286311,
0.2912457393128327,
-0.8664073247733961,
0.2619765421852850,
-0.8748035156673277,
0.2324051850807871,
-0.8821907207645729,
0.2025657751774343,
]

triangles = [
0, 5, 2,
5, 10, 2,
0, 8, 5,
5, 18, 10,
7, 4, 2,
2, 4, 0,
0, 3, 8,
15, 7, 2,
1, 3, 0,
13, 18, 5,
8, 13, 5,
4, 1, 0,
23, 15, 10,
10, 15, 2,
39, 31, 18,
18, 31, 10,
31, 23, 10,
16, 21, 8,
8, 21, 13,
13, 26, 18,
1, 6, 3,
3, 16, 8,
20, 12, 7,
7, 12, 4,
4, 9, 1,
1, 14, 6,
28, 20, 15,
15, 20, 7,
11, 16, 3,
34, 26, 13,
17, 9, 4,
6, 11, 3,
42, 34, 21,
21, 34, 13,
60, 39, 26,
26, 39, 18,
57, 36, 23,
25, 17, 12,
12, 17, 4,
44, 23, 31,
23, 36, 15,
36, 28, 15,
22, 14, 9,
9, 14, 1,
6, 19, 11,
52, 44, 31,
41, 33, 20,
20, 33, 12,
39, 52, 31,
37, 29, 16,
16, 29, 21,
14, 19, 6,
11, 24, 16,
29, 42, 21,
34, 47, 26,
39, 73, 52,
78, 57, 44,
44, 57, 23,
36, 49, 28,
55, 47, 34,
33, 25, 12,
30, 22, 9,
47, 60, 26,
32, 24, 11,
62, 41, 28,
28, 41, 20,
33, 46, 25,
30, 9, 17,
14, 27, 19,
24, 37, 16,
29, 63, 42,
76, 55, 42,
42, 55, 34,
47, 81, 60,
38, 30, 17,
70, 49, 36,
40, 32, 19,
19, 32, 11,
71, 50, 37,
94, 73, 60,
60, 73, 39,
52, 65, 44,
86, 65, 52,
57, 70, 36,
91, 70, 57,
59, 38, 25,
25, 38, 17,
75, 62, 96,
49, 62, 28,
41, 54, 33,
35, 14, 22,
35, 27, 14,
65, 78, 44,
75, 54, 41,
50, 63, 29,
54, 46, 33,
73, 86, 52,
65, 99, 78,
89, 68, 55,
55, 68, 47,
73, 107, 86,
68, 81, 47,
43, 22, 30,
43, 35, 22,
37, 50, 29,
58, 37, 24,
81, 94, 60,
78, 91, 57,
83, 62, 49,
61, 40, 27,
27, 40, 19,
32, 45, 24,
97, 76, 63,
63, 76, 42,
64, 43, 30,
53, 45, 32,
80, 59, 46,
46, 59, 25,
38, 51, 30,
45, 58, 24,
62, 75, 41,
54, 67, 46,
83, 49, 104,
120, 65, 86,
120, 99, 65,
78, 112, 91,
104, 49, 70,
125, 104, 70,
76, 89, 55,
68, 102, 81,
128, 107, 73,
141, 120, 86,
72, 51, 38,
92, 71, 58,
58, 71, 37,
50, 84, 63,
94, 128, 73,
107, 141, 86,
149, 128, 94,
115, 94, 81,
40, 53, 32,
45, 79, 58,
123, 102, 68,
88, 67, 54,
59, 72, 38,
146, 125, 91,
91, 125, 70,
117, 96, 83,
138, 83, 104,
83, 96, 62,
75, 88, 54,
133, 78, 99,
133, 112, 78,
51, 64, 30,
43, 56, 35,
136, 115, 81,
77, 56, 43,
35, 48, 27,
40, 74, 53,
154, 133, 99,
105, 84, 50,
76, 110, 89,
84, 97, 63,
89, 123, 68,
109, 88, 75,
93, 72, 59,
51, 85, 64,
69, 48, 35,
48, 61, 27,
144, 123, 89,
102, 136, 81,
162, 141, 107,
120, 154, 99,
162, 107, 128,
101, 80, 67,
67, 80, 46,
157, 136, 102,
204, 149, 115,
115, 149, 94,
201, 146, 112,
112, 146, 91,
159, 138, 104,
131, 110, 76,
87, 66, 53,
53, 66, 45,
126, 105, 71,
71, 105, 50,
152, 131, 97,
97, 131, 76,
175, 154, 120,
133, 167, 112,
159, 104, 125,
96, 130, 75,
66, 79, 45,
151, 130, 96,
122, 101, 67,
118, 97, 84,
90, 69, 56,
56, 69, 35,
48, 82, 61,
183, 162, 128,
141, 175, 120,
79, 92, 58,
138, 117, 83,
230, 175, 141,
95, 74, 61,
61, 74, 40,
130, 109, 75,
114, 93, 80,
80, 93, 59,
98, 77, 64,
180, 159, 125,
206, 151, 117,
149, 183, 128,
162, 196, 141,
238, 183, 149,
85, 51, 106,
64, 77, 43,
110, 144, 89,
123, 157, 102,
165, 144, 110,
122, 67, 88,
178, 157, 123,
136, 170, 115,
188, 133, 154,
188, 167, 133,
146, 180, 125,
235, 180, 146,
143, 122, 88,
106, 51, 72,
243, 188, 154,
191, 170, 136,
256, 201, 167,
167, 201, 112,
139, 84, 105,
139, 118, 84,
233, 178, 144,
74, 87, 53,
66, 100, 79,
147, 126, 92,
170, 204, 115,
117, 151, 96,
198, 143, 109,
109, 143, 88,
172, 117, 138,
172, 138, 193,
251, 196, 162,
175, 209, 154,
217, 162, 183,
113, 92, 79,
92, 126, 71,
127, 106, 72,
160, 139, 105,
246, 191, 157,
157, 191, 136,
170, 259, 204,
165, 110, 131,
144, 178, 123,
207, 152, 118,
118, 152, 97,
103, 48, 69,
103, 82, 48,
74, 108, 87,
164, 109, 130,
135, 80, 101,
293, 238, 204,
204, 238, 149,
121, 100, 66,
230, 209, 175,
188, 222, 167,
119, 98, 85,
85, 98, 64,
77, 90, 56,
111, 90, 77,
285, 230, 196,
196, 230, 141,
135, 101, 156,
135, 114, 80,
93, 127, 72,
186, 165, 131,
193, 138, 159,
185, 164, 130,
277, 243, 332,
209, 243, 154,
214, 159, 180,
248, 193, 159,
82, 95, 61,
87, 121, 66,
290, 235, 201,
201, 235, 146,
148, 127, 93,
106, 140, 85,
272, 217, 183,
124, 103, 69,
150, 129, 95,
269, 214, 180,
185, 130, 151,
217, 251, 162,
298, 243, 209,
240, 185, 151,
156, 101, 122,
114, 148, 93,
156, 122, 177,
134, 113, 79,
126, 160, 105,
277, 222, 188,
241, 186, 152,
152, 186, 131,
165, 199, 144,
222, 256, 167,
303, 248, 214,
254, 199, 165,
212, 246, 157,
142, 121, 87,
100, 134, 79,
181, 160, 126,
139, 173, 118,
238, 272, 183,
217, 306, 251,
327, 272, 238,
212, 157, 178,
225, 259, 170,
267, 212, 178,
261, 206, 172,
172, 206, 117,
227, 172, 193,
225, 170, 191,
280, 225, 191,
129, 108, 74,
202, 147, 113,
113, 147, 92,
155, 134, 100,
269, 180, 235,
214, 248, 159,
324, 269, 235,
177, 122, 143,
264, 209, 230,
243, 277, 188,
222, 311, 256,
288, 233, 199,
199, 233, 144,
285, 196, 251,
319, 264, 230,
345, 290, 256,
256, 290, 201,
340, 285, 251,
232, 177, 143,
198, 109, 164,
219, 164, 185,
253, 198, 164,
348, 293, 259,
259, 293, 204,
361, 306, 217,
194, 173, 139,
90, 124, 69,
116, 95, 82,
95, 129, 74,
145, 124, 90,
132, 77, 98,
132, 111, 77,
169, 114, 135,
169, 148, 114,
161, 140, 106,
173, 207, 118,
186, 220, 165,
161, 106, 127,
295, 240, 206,
206, 240, 151,
282, 193, 248,
282, 227, 193,
116, 82, 137,
108, 142, 87,
140, 119, 85,
264, 298, 209,
353, 298, 264,
285, 319, 230,
246, 280, 191,
225, 314, 259,
335, 280, 246,
335, 246, 301,
153, 132, 98,
382, 327, 293,
293, 327, 238,
285, 374, 319,
298, 332, 243,
366, 311, 222,
361, 217, 272,
160, 194, 139,
173, 262, 207,
249, 194, 160,
236, 181, 147,
147, 181, 126,
275, 241, 330,
207, 241, 152,
366, 222, 277,
290, 324, 235,
275, 220, 186,
416, 361, 272,
379, 324, 290,
269, 303, 214,
182, 161, 127,
208, 153, 119,
220, 254, 165,
233, 267, 178,
137, 82, 103,
429, 340, 484,
306, 340, 251,
322, 267, 233,
358, 303, 269,
274, 185, 240,
274, 219, 185,
198, 232, 143,
421, 366, 277,
158, 137, 103,
190, 135, 156,
190, 169, 135,
148, 182, 127,
163, 108, 129,
163, 142, 108,
121, 155, 100,
434, 345, 489,
311, 345, 256,
337, 282, 248,
227, 261, 172,
176, 155, 121,
134, 168, 113,
369, 225, 280,
369, 314, 225,
327, 416, 272,
316, 261, 227,
287, 232, 198,
245, 190, 156,
329, 274, 240,
219, 253, 164,
301, 246, 212,
237, 182, 148,
211, 156, 177,
169, 203, 148,
356, 301, 267,
267, 301, 212,
437, 348, 492,
314, 348, 259,
308, 253, 219,
424, 369, 280,
471, 416, 327,
395, 340, 306,
413, 358, 324,
324, 358, 269,
303, 337, 248,
392, 337, 303,
350, 295, 261,
343, 288, 254,
254, 288, 199,
434, 290, 345,
434, 379, 290,
296, 241, 207,
241, 275, 186,
220, 309, 254,
189, 168, 134,
298, 387, 332,
332, 421, 277,
408, 353, 264,
408, 264, 319,
266, 177, 232,
266, 211, 177,
471, 382, 526,
348, 382, 293,
174, 119, 140,
119, 153, 98,
166, 145, 111,
111, 145, 90,
124, 158, 103,
174, 140, 195,
429, 285, 340,
429, 374, 285,
166, 111, 132,
463, 408, 319,
387, 421, 332,
400, 345, 311,
288, 322, 233,
316, 227, 282,
261, 295, 206,
363, 308, 219,
205, 150, 116,
116, 150, 95,
168, 202, 113,
215, 249, 160,
179, 158, 124,
137, 171, 116,
395, 306, 450,
374, 463, 319,
215, 160, 181,
228, 262, 173,
371, 316, 282,
442, 298, 353,
442, 387, 298,
228, 173, 194,
231, 176, 142,
142, 176, 121,
155, 189, 134,
586, 442, 353,
497, 353, 408,
270, 215, 181,
450, 361, 505,
450, 306, 361,
518, 374, 429,
607, 463, 374,
283, 228, 194,
283, 194, 249,
505, 361, 416,
244, 189, 155,
168, 257, 202,
455, 311, 366,
468, 413, 324,
455, 366, 510,
384, 329, 295,
295, 329, 240,
510, 421, 565,
510, 366, 421,
455, 400, 311,
382, 471, 327,
437, 382, 348,
184, 163, 129,
321, 266, 232,
211, 245, 156,
287, 198, 253,
300, 245, 211,
258, 203, 169,
335, 424, 280,
403, 348, 314,
390, 424, 335,
390, 335, 301,
342, 287, 253,
403, 314, 458,
560, 416, 471,
560, 505, 416,
628, 484, 395,
202, 236, 147,
270, 236, 325,
224, 169, 190,
262, 296, 207,
364, 309, 220,
351, 296, 262,
195, 161, 250,
195, 140, 161,
476, 421, 387,
633, 489, 400,
468, 324, 379,
447, 392, 303,
337, 426, 282,
364, 220, 275,
288, 377, 322,
216, 161, 182,
458, 314, 369,
513, 458, 369,
523, 379, 434,
523, 468, 379,
187, 166, 132,
145, 179, 124,
187, 132, 153,
411, 267, 322,
411, 356, 267,
424, 513, 369,
447, 358, 502,
447, 303, 358,
234, 179, 145,
239, 184, 150,
296, 330, 241,
502, 358, 413,
432, 343, 487,
309, 343, 254,
400, 489, 345,
544, 400, 455,
395, 484, 340,
539, 395, 450,
279, 224, 190,
445, 390, 301,
419, 364, 275,
363, 219, 274,
271, 237, 326,
203, 237, 148,
481, 426, 337,
405, 350, 261,
466, 411, 322,
356, 445, 301,
426, 371, 282,
329, 363, 274,
418, 363, 329,
568, 513, 424,
636, 492, 403,
271, 216, 182,
338, 283, 249,
228, 317, 262,
474, 419, 330,
338, 249, 304,
405, 261, 316,
460, 405, 316,
552, 408, 463,
552, 497, 408,
531, 476, 387,
534, 445, 678,
602, 458, 513,
497, 586, 353,
573, 518, 429,
171, 137, 192,
150, 184, 129,
265, 210, 176,
531, 387, 442,
599, 544, 455,
242, 187, 153,
166, 200, 145,
432, 377, 288,
589, 445, 356,
432, 288, 343,
192, 137, 158,
615, 560, 471,
594, 539, 450,
484, 573, 429,
526, 382, 437,
492, 348, 403,
392, 481, 337,
604, 460, 371,
371, 460, 316,
625, 481, 392,
536, 392, 447,
547, 403, 458,
557, 413, 468,
646, 502, 413,
518, 607, 374,
819, 675, 586,
476, 565, 421,
607, 552, 463,
675, 531, 442,
798, 654, 565,
675, 442, 586,
308, 342, 253,
287, 321, 232,
397, 342, 308,
581, 526, 437,
176, 210, 155,
223, 257, 168,
197, 142, 163,
594, 450, 505,
518, 751, 607,
578, 434, 489,
578, 523, 434,
252, 197, 163,
376, 321, 287,
266, 300, 211,
245, 279, 190,
717, 573, 484,
539, 628, 395,
709, 565, 476,
730, 586, 497,
174, 208, 119,
263, 208, 174,
229, 174, 195,
649, 594, 505,
772, 717, 628,
649, 505, 560,
599, 455, 510,
555, 466, 610,
377, 466, 322,
247, 192, 158,
654, 599, 510,
654, 510, 565,
398, 343, 309,
439, 384, 295,
363, 452, 308,
439, 295, 350,
515, 371, 426,
583, 439, 350,
526, 615, 471,
704, 615, 759,
793, 649, 560,
772, 628, 539,
278, 244, 333,
210, 244, 155,
291, 236, 202,
236, 270, 181,
777, 633, 544,
544, 633, 400,
223, 168, 189,
620, 476, 531,
599, 688, 544,
330, 419, 275,
453, 398, 309,
385, 330, 296,
372, 228, 283,
372, 317, 228,
355, 300, 266,
633, 578, 489,
612, 557, 468,
278, 223, 189,
494, 350, 405,
260, 205, 171,
171, 205, 116,
286, 231, 197,
725, 581, 492,
492, 581, 437,
334, 279, 245,
224, 258, 169,
305, 250, 216,
216, 250, 161,
271, 182, 237,
602, 547, 458,
568, 424, 479,
424, 390, 479,
507, 418, 562,
384, 418, 329,
612, 468, 523,
591, 536, 447,
317, 351, 262,
292, 237, 203,
479, 390, 534,
218, 163, 184,
197, 231, 142,
756, 612, 523,
304, 249, 215,
495, 440, 351,
725, 636, 780,
547, 636, 403,
657, 602, 513,
534, 390, 445,
313, 258, 224,
453, 309, 364,
500, 411, 555,
735, 646, 790,
557, 646, 413,
570, 515, 426,
221, 166, 187,
255, 200, 166,
179, 213, 158,
591, 447, 502,
440, 385, 296,
508, 453, 364,
359, 304, 270,
270, 304, 215,
431, 376, 287,
321, 355, 266,
431, 287, 342,
427, 372, 283,
529, 474, 385,
427, 283, 338,
508, 364, 419,
735, 502, 646,
735, 591, 502,
268, 213, 179,
294, 239, 205,
356, 411, 500,
589, 356, 500,
801, 657, 568,
568, 657, 513,
411, 466, 555,
769, 625, 536,
536, 625, 392,
300, 334, 245,
410, 355, 321,
785, 641, 552,
552, 641, 497,
662, 751, 518,
628, 717, 484,
683, 539, 594,
696, 552, 607,
764, 620, 531,
641, 730, 497,
466, 377, 610,
712, 568, 479,
691, 636, 547,
346, 291, 257,
257, 291, 202,
570, 426, 481,
549, 494, 405,
389, 334, 300,
279, 313, 224,
662, 518, 573,
751, 696, 607,
806, 662, 573,
764, 531, 675,
832, 688, 599,
620, 709, 476,
633, 722, 578,
284, 195, 250,
284, 229, 195,
208, 242, 153,
507, 363, 418,
507, 452, 363,
730, 819, 586,
906, 819, 730,
907, 730, 641,
909, 785, 696,
696, 785, 552,
714, 570, 625,
625, 570, 481,
819, 764, 675,
902, 798, 709,
827, 594, 738,
827, 683, 594,
717, 806, 573,
793, 560, 704,
910, 696, 751,
910, 909, 696,
912, 806, 913,
683, 772, 539,
486, 431, 342,
465, 410, 321,
200, 234, 145,
903, 709, 620,
709, 798, 565,
578, 667, 523,
297, 242, 208,
200, 289, 234,
589, 678, 445,
746, 602, 657,
767, 678, 822,
452, 397, 308,
515, 604, 371,
473, 418, 384,
748, 604, 515,
704, 560, 615,
615, 526, 759,
631, 487, 398,
398, 487, 343,
549, 405, 460,
563, 508, 419,
720, 576, 487,
670, 526, 581,
670, 581, 814,
738, 649, 793,
738, 594, 649,
913, 717, 914,
291, 325, 236,
743, 599, 654,
827, 738, 917,
528, 384, 439,
630, 486, 397,
725, 492, 636,
440, 296, 351,
385, 474, 330,
670, 759, 526,
226, 171, 192,
205, 239, 150,
273, 218, 184,
777, 722, 633,
612, 701, 557,
299, 244, 210,
244, 278, 189,
223, 312, 257,
291, 380, 325,
691, 547, 835,
798, 743, 654,
901, 743, 798,
898, 777, 688,
688, 777, 544,
743, 832, 599,
811, 667, 578,
610, 377, 521,
822, 678, 589,
693, 549, 460,
347, 292, 258,
258, 292, 203,
339, 284, 250,
368, 313, 279,
320, 265, 231,
231, 265, 176,
521, 377, 432,
276, 221, 187,
406, 351, 317,
576, 521, 432,
727, 583, 494,
494, 583, 350,
302, 247, 213,
213, 247, 158,
722, 811, 578,
896, 811, 722,
897, 722, 777,
922, 814, 923,
725, 814, 581,
920, 704, 759,
827, 917, 916,
894, 756, 667,
667, 756, 523,
591, 680, 536,
229, 263, 174,
310, 255, 221,
318, 263, 229,
604, 693, 460,
816, 672, 583,
837, 693, 604,
835, 547, 602,
835, 602, 746,
790, 646, 557,
570, 659, 515,
756, 701, 612,
691, 780, 636,
712, 479, 623,
924, 725, 780,
360, 326, 415,
292, 326, 237,
701, 790, 557,
397, 486, 342,
465, 321, 376,
541, 397, 452,
672, 528, 439,
507, 596, 452,
672, 439, 583,
307, 252, 218,
218, 252, 163,
528, 473, 384,
393, 427, 338,
461, 406, 317,
393, 338, 304,
631, 398, 542,
487, 576, 432,
754, 699, 610,
733, 500, 644,
623, 479, 534,
623, 534, 767,
534, 678, 767,
305, 216, 271,
801, 746, 657,
924, 780, 925,
751, 662, 911,
910, 751, 911,
785, 908, 641,
819, 905, 764,
764, 904, 620,
662, 912, 911,
909, 908, 785,
662, 806, 912,
712, 801, 568,
908, 907, 641,
806, 717, 913,
465, 376, 520,
355, 444, 300,
334, 423, 279,
907, 906, 730,
717, 772, 914,
772, 915, 914,
824, 591, 735,
824, 680, 591,
906, 905, 819,
743, 900, 832,
772, 683, 915,
461, 317, 372,
563, 419, 474,
905, 904, 764,
683, 827, 916,
915, 683, 916,
918, 917, 738,
589, 500, 733,
928, 746, 801,
904, 903, 620,
832, 899, 688,
793, 918, 738,
890, 824, 735,
638, 494, 549,
706, 562, 473,
888, 769, 680,
680, 769, 536,
903, 902, 709,
793, 919, 918,
520, 376, 431,
902, 901, 798,
793, 704, 919,
516, 461, 372,
360, 305, 271,
803, 714, 886,
769, 714, 625,
901, 900, 743,
811, 895, 667,
919, 704, 920,
759, 921, 920,
542, 398, 453,
542, 453, 597,
453, 508, 597,
563, 474, 618,
281, 226, 192,
900, 899, 832,
759, 670, 921,
617, 473, 528,
473, 562, 418,
500, 555, 644,
927, 746, 928,
899, 898, 688,
756, 893, 701,
701, 892, 790,
921, 670, 922,
367, 223, 278,
367, 312, 223,
414, 359, 270,
234, 268, 179,
247, 281, 192,
323, 268, 234,
644, 555, 788,
555, 610, 699,
898, 897, 777,
790, 891, 735,
814, 725, 923,
922, 670, 814,
803, 659, 570,
782, 638, 549,
529, 385, 440,
733, 822, 589,
499, 355, 410,
499, 444, 355,
226, 260, 171,
239, 273, 184,
444, 389, 300,
897, 896, 722,
923, 725, 924,
887, 714, 769,
714, 803, 570,
414, 270, 325,
427, 516, 372,
610, 521, 754,
932, 767, 822,
354, 299, 265,
265, 299, 210,
896, 895, 811,
780, 691, 925,
659, 748, 515,
884, 748, 659,
775, 720, 631,
652, 597, 508,
448, 393, 304,
895, 894, 667,
925, 691, 926,
691, 835, 926,
835, 927, 926,
312, 346, 257,
478, 423, 334,
402, 347, 258,
894, 893, 756,
824, 889, 680,
835, 746, 927,
299, 333, 244,
490, 435, 346,
639, 495, 406,
584, 529, 440,
571, 516, 427,
495, 351, 406,
563, 652, 508,
359, 448, 304,
469, 414, 325,
550, 406, 461,
341, 286, 252,
252, 286, 197,
893, 892, 701,
801, 929, 928,
276, 187, 242,
221, 255, 166,
651, 507, 562,
651, 596, 507,
575, 520, 431,
596, 541, 452,
521, 576, 665,
754, 521, 665,
932, 822, 933,
699, 788, 555,
748, 837, 604,
883, 837, 748,
741, 652, 796,
665, 576, 809,
423, 368, 279,
575, 431, 486,
643, 499, 410,
892, 891, 790,
712, 930, 929,
801, 712, 929,
782, 549, 693,
795, 651, 562,
422, 367, 278,
326, 360, 271,
305, 339, 250,
381, 326, 292,
774, 630, 541,
761, 528, 672,
837, 782, 693,
487, 631, 720,
935, 644, 788,
891, 890, 735,
803, 885, 659,
712, 623, 930,
623, 931, 930,
328, 273, 239,
816, 727, 879,
638, 727, 494,
297, 208, 263,
331, 276, 242,
537, 448, 681,
660, 605, 516,
402, 258, 313,
457, 402, 313,
529, 618, 474,
707, 618, 762,
394, 339, 305,
352, 297, 263,
890, 889, 824,
623, 767, 931,
318, 229, 373,
934, 644, 935,
631, 542, 775,
541, 630, 397,
685, 541, 596,
336, 281, 247,
226, 315, 260,
260, 294, 205,
889, 888, 680,
931, 767, 932,
389, 478, 334,
423, 512, 368,
444, 533, 389,
554, 410, 465,
622, 478, 389,
368, 457, 313,
775, 542, 686,
435, 380, 291,
592, 448, 359,
435, 291, 346,
888, 887, 769,
837, 882, 782,
822, 733, 933,
880, 727, 638,
727, 816, 583,
630, 575, 486,
609, 554, 465,
375, 320, 286,
286, 320, 231,
299, 388, 333,
720, 809, 576,
788, 699, 936,
933, 733, 934,
887, 886, 714,
782, 881, 638,
733, 644, 934,
728, 584, 495,
495, 584, 440,
816, 761, 672,
651, 740, 596,
761, 617, 528,
349, 294, 260,
886, 885, 803,
788, 936, 935,
373, 229, 284,
344, 289, 255,
255, 289, 200,
268, 302, 213,
940, 939, 809,
686, 542, 597,
686, 597, 830,
597, 741, 830,
876, 706, 617,
617, 706, 473,
664, 520, 575,
885, 884, 659,
816, 878, 761,
699, 937, 936,
558, 469, 613,
380, 469, 325,
597, 652, 741,
884, 883, 748,
754, 938, 937,
699, 754, 937,
436, 292, 347,
436, 381, 292,
360, 449, 305,
601, 457, 368,
580, 436, 347,
401, 346, 312,
605, 461, 516,
605, 550, 461,
427, 482, 571,
609, 465, 520,
588, 533, 444,
550, 639, 406,
652, 563, 796,
719, 575, 630,
664, 609, 520,
357, 302, 268,
383, 328, 294,
297, 331, 242,
276, 310, 221,
386, 331, 297,
883, 882, 837,
754, 665, 938,
875, 795, 706,
706, 795, 562,
877, 617, 761,
362, 307, 273,
273, 307, 218,
409, 354, 320,
320, 354, 265,
333, 422, 278,
456, 401, 312,
940, 720, 941,
938, 665, 939,
563, 707, 796,
477, 422, 333,
882, 881, 782,
665, 809, 939,
783, 728, 639,
427, 393, 482,
315, 226, 370,
294, 328, 239,
787, 643, 554,
554, 643, 410,
567, 512, 423,
428, 373, 284,
318, 352, 263,
428, 284, 339,
563, 618, 707,
482, 393, 537,
618, 529, 762,
289, 323, 234,
378, 323, 289,
491, 347, 402,
381, 415, 326,
365, 310, 276,
881, 880, 638,
809, 720, 940,
537, 393, 448,
874, 740, 795,
795, 740, 651,
470, 415, 381,
762, 529, 673,
944, 830, 741,
740, 829, 596,
829, 685, 596,
880, 879, 727,
775, 942, 941,
720, 775, 941,
588, 444, 499,
407, 352, 318,
396, 341, 307,
307, 341, 252,
391, 336, 302,
302, 336, 247,
456, 312, 367,
503, 414, 558,
673, 584, 817,
673, 529, 584,
871, 774, 685,
685, 774, 541,
609, 698, 554,
879, 878, 816,
732, 588, 499,
732, 499, 643,
775, 686, 942,
774, 719, 630,
728, 495, 639,
571, 660, 516,
783, 639, 694,
749, 660, 804,
359, 414, 503,
592, 359, 503,
804, 660, 571,
878, 877, 761,
740, 873, 829,
942, 686, 943,
686, 830, 943,
830, 944, 943,
766, 622, 533,
533, 622, 389,
546, 491, 402,
414, 469, 558,
370, 226, 281,
808, 664, 575,
504, 449, 360,
511, 456, 367,
511, 367, 422,
639, 550, 694,
469, 380, 613,
567, 423, 478,
877, 876, 617,
829, 872, 685,
741, 945, 944,
483, 428, 339,
462, 407, 318,
449, 394, 305,
443, 299, 354,
443, 388, 299,
869, 808, 719,
719, 808, 575,
870, 719, 774,
876, 875, 706,
741, 796, 945,
796, 946, 945,
711, 567, 622,
622, 567, 478,
728, 817, 584,
947, 707, 762,
949, 817, 950,
770, 681, 825,
592, 681, 448,
749, 605, 660,
430, 375, 286,
875, 874, 795,
796, 707, 946,
425, 370, 281,
745, 601, 512,
512, 601, 368,
566, 477, 621,
388, 477, 333,
438, 349, 493,
315, 349, 260,
417, 362, 273,
341, 430, 286,
546, 402, 457,
559, 504, 415,
415, 504, 360,
323, 357, 268,
336, 425, 281,
412, 357, 323,
634, 490, 401,
401, 490, 346,
579, 490, 723,
525, 381, 436,
627, 483, 394,
394, 483, 339,
498, 443, 354,
874, 873, 740,
946, 707, 947,
399, 255, 310,
399, 344, 255,
420, 276, 331,
566, 511, 422,
868, 664, 808,
867, 753, 664,
664, 753, 609,
588, 677, 533,
550, 605, 838,
694, 550, 838,
947, 762, 948,
753, 698, 609,
825, 681, 592,
613, 380, 524,
838, 605, 749,
690, 546, 457,
873, 872, 829,
762, 673, 948,
787, 732, 643,
524, 380, 435,
951, 728, 783,
571, 715, 804,
865, 787, 698,
698, 787, 554,
579, 524, 435,
872, 871, 685,
948, 673, 949,
538, 394, 449,
462, 318, 373,
724, 580, 491,
491, 580, 347,
417, 273, 328,
464, 320, 375,
464, 409, 320,
456, 511, 600,
871, 870, 774,
753, 866, 698,
949, 673, 817,
817, 728, 950,
601, 690, 457,
813, 669, 580,
834, 690, 601,
656, 512, 567,
441, 297, 352,
441, 386, 297,
571, 482, 715,
951, 783, 952,
482, 626, 715,
475, 420, 331,
485, 430, 341,
462, 373, 517,
482, 537, 626,
472, 417, 328,
451, 396, 307,
454, 399, 310,
433, 378, 289,
626, 537, 770,
451, 307, 362,
870, 869, 719,
950, 728, 951,
420, 365, 276,
386, 475, 331,
496, 441, 352,
821, 588, 732,
821, 677, 588,
517, 373, 428,
530, 386, 441,
863, 821, 732,
864, 732, 787,
669, 436, 580,
669, 525, 436,
593, 538, 449,
433, 289, 344,
480, 425, 336,
525, 470, 381,
391, 302, 446,
404, 349, 315,
438, 383, 294,
592, 503, 736,
770, 537, 681,
955, 749, 804,
869, 868, 808,
783, 694, 952,
861, 766, 677,
677, 766, 533,
634, 401, 545,
490, 579, 435,
757, 702, 613,
736, 503, 647,
438, 294, 349,
868, 867, 664,
694, 838, 953,
952, 694, 953,
800, 711, 859,
766, 711, 622,
635, 491, 546,
525, 614, 470,
635, 546, 779,
503, 558, 647,
954, 749, 955,
953, 838, 954,
867, 866, 753,
821, 862, 677,
838, 749, 954,
545, 401, 456,
545, 456, 600,
422, 477, 566,
477, 388, 621,
703, 559, 470,
470, 559, 415,
572, 517, 428,
642, 498, 409,
409, 498, 354,
647, 558, 791,
558, 613, 702,
736, 825, 592,
800, 656, 567,
496, 352, 407,
619, 475, 386,
420, 509, 365,
488, 344, 399,
446, 302, 357,
866, 865, 698,
804, 956, 955,
860, 711, 766,
711, 800, 567,
315, 370, 459,
404, 315, 459,
506, 362, 417,
396, 485, 341,
519, 464, 375,
595, 451, 362,
472, 328, 383,
532, 388, 443,
613, 524, 757,
959, 770, 825,
488, 433, 344,
501, 446, 357,
454, 310, 365,
857, 745, 656,
656, 745, 512,
572, 428, 483,
640, 496, 407,
412, 323, 378,
865, 864, 787,
804, 715, 956,
715, 957, 956,
616, 472, 383,
519, 375, 430,
778, 723, 634,
655, 600, 511,
593, 449, 504,
467, 412, 378,
598, 454, 365,
648, 593, 504,
864, 863, 732,
715, 626, 957,
551, 407, 462,
459, 370, 514,
438, 527, 383,
480, 336, 391,
587, 532, 443,
566, 655, 511,
587, 443, 498,
480, 391, 624,
569, 480, 624,
959, 825, 960,
757, 524, 668,
524, 579, 668,
856, 834, 745,
745, 834, 601,
858, 656, 800,
702, 791, 558,
957, 626, 958,
532, 621, 388,
744, 655, 799,
668, 579, 812,
863, 862, 821,
626, 770, 958,
559, 648, 504,
771, 627, 538,
792, 648, 559,
614, 525, 758,
514, 370, 425,
779, 546, 690,
682, 538, 593,
538, 627, 394,
606, 551, 462,
834, 779, 690,
962, 647, 791,
490, 634, 723,
862, 861, 677,
958, 770, 959,
813, 724, 852,
635, 724, 491,
627, 572, 483,
634, 545, 778,
736, 647, 961,
861, 860, 766,
834, 855, 779,
825, 736, 960,
540, 396, 451,
540, 485, 396,
731, 587, 498,
689, 600, 833,
710, 566, 621,
642, 409, 553,
574, 519, 430,
778, 545, 689,
569, 514, 425,
637, 493, 404,
860, 859, 711,
647, 962, 961,
960, 736, 961,
854, 635, 779,
853, 724, 635,
724, 813, 580,
553, 409, 464,
723, 812, 579,
791, 702, 963,
859, 858, 800,
791, 963, 962,
412, 501, 357,
480, 569, 425,
645, 501, 412,
467, 378, 522,
606, 462, 517,
585, 530, 441,
543, 399, 454,
758, 525, 669,
648, 737, 593,
813, 758, 669,
661, 517, 572,
661, 606, 517,
716, 572, 627,
509, 420, 564,
543, 488, 399,
858, 857, 656,
813, 851, 758,
702, 964, 963,
548, 404, 459,
404, 493, 349,
718, 574, 485,
608, 464, 519,
608, 553, 464,
621, 532, 765,
585, 441, 496,
849, 703, 614,
614, 703, 470,
967, 966, 812,
689, 545, 600,
600, 744, 833,
729, 640, 784,
551, 640, 407,
506, 417, 561,
485, 574, 430,
561, 417, 472,
564, 420, 475,
600, 655, 744,
857, 856, 745,
702, 757, 964,
757, 965, 964,
684, 540, 451,
506, 595, 362,
522, 378, 433,
763, 619, 530,
530, 619, 386,
729, 585, 496,
848, 792, 703,
703, 792, 559,
856, 855, 834,
758, 850, 614,
757, 668, 965,
509, 598, 365,
577, 522, 433,
742, 598, 509,
967, 723, 968,
965, 668, 966,
655, 566, 799,
566, 710, 799,
708, 564, 619,
619, 564, 475,
687, 543, 454,
855, 854, 779,
668, 812, 966,
621, 765, 710,
532, 676, 765,
582, 527, 438,
506, 739, 595,
577, 433, 488,
535, 446, 590,
532, 587, 676,
847, 737, 792,
792, 737, 648,
826, 682, 593,
527, 616, 383,
737, 826, 593,
616, 561, 472,
595, 684, 451,
854, 853, 635,
812, 723, 967,
828, 684, 595,
807, 663, 574,
844, 771, 682,
682, 771, 538,
784, 640, 551,
446, 501, 590,
535, 391, 446,
603, 548, 459,
493, 582, 438,
676, 587, 820,
971, 744, 972,
689, 833, 970,
721, 577, 488,
666, 577, 810,
853, 852, 724,
771, 716, 627,
640, 729, 496,
778, 969, 968,
723, 778, 968,
645, 412, 556,
805, 661, 572,
731, 498, 642,
731, 642, 786,
642, 553, 786,
608, 519, 752,
852, 851, 813,
831, 687, 598,
598, 687, 454,
778, 689, 969,
535, 624, 391,
603, 459, 514,
760, 705, 616,
603, 514, 658,
726, 582, 493,
650, 506, 561,
768, 713, 624,
556, 412, 467,
556, 467, 611,
663, 519, 574,
851, 850, 758,
737, 846, 826,
833, 971, 970,
969, 689, 970,
734, 590, 501,
548, 637, 404,
842, 805, 716,
716, 805, 572,
718, 485, 629,
973, 710, 974,
833, 744, 971,
731, 820, 587,
976, 820, 977,
658, 514, 569,
781, 726, 637,
666, 522, 577,
611, 467, 522,
645, 734, 501,
850, 849, 614,
826, 845, 682,
771, 843, 716,
799, 972, 744,
802, 658, 569,
713, 569, 624,
697, 553, 608,
697, 786, 553,
849, 848, 703,
799, 973, 972,
585, 674, 530,
564, 653, 509,
695, 551, 606,
695, 606, 750,
750, 606, 661,
840, 750, 661,
848, 847, 792,
805, 841, 661,
799, 710, 973,
1023, 784, 695,
695, 784, 551,
629, 485, 540,
980, 697, 608,
629, 540, 773,
752, 519, 663,
765, 676, 975,
982, 752, 663,
847, 846, 737,
765, 975, 974,
710, 765, 974,
818, 585, 729,
818, 674, 585,
773, 540, 684,
718, 807, 574,
739, 506, 650,
846, 845, 826,
676, 976, 975,
674, 763, 530,
1021, 818, 729,
674, 1019, 763,
797, 708, 1017,
763, 708, 619,
982, 807, 983,
978, 786, 979,
845, 844, 682,
676, 820, 976,
797, 653, 564,
721, 488, 632,
561, 616, 705,
650, 561, 794,
983, 807, 718,
488, 543, 632,
789, 734, 645,
828, 773, 684,
616, 527, 760,
844, 843, 771,
750, 839, 695,
784, 1022, 729,
820, 731, 977,
653, 742, 509,
773, 828, 986,
739, 828, 595,
708, 797, 564,
653, 1015, 742,
1018, 708, 763,
632, 543, 776,
776, 543, 687,
843, 842, 716,
977, 731, 978,
731, 786, 978,
760, 527, 671,
987, 828, 739,
527, 582, 671,
493, 637, 726,
755, 522, 666,
755, 611, 522,
590, 679, 535,
637, 548, 781,
1014, 831, 742,
742, 831, 598,
692, 548, 603,
842, 841, 805,
786, 697, 979,
650, 794, 989,
705, 794, 561,
831, 776, 687,
1010, 810, 721,
789, 645, 556,
836, 692, 603,
815, 671, 582,
988, 650, 989,
841, 840, 661,
979, 697, 980,
768, 624, 535,
840, 839, 750,
818, 1020, 674,
980, 608, 981,
608, 752, 981,
1009, 755, 666,
700, 789, 556,
810, 577, 721,
823, 590, 734,
823, 679, 590,
679, 768, 535,
993, 815, 994,
726, 815, 582,
794, 705, 990,
747, 603, 658,
692, 781, 548,
747, 802, 999,
713, 802, 569,
1011, 721, 632,
839, 1023, 695,
981, 752, 982,
700, 556, 611,
802, 747, 658,
995, 726, 781,
1023, 1022, 784,
982, 663, 807,
718, 984, 983,
836, 998, 997,
679, 1002, 768,
1004, 823, 734,
1007, 700, 611,
789, 1005, 734,
1008, 611, 755,
747, 836, 603,
1022, 1021, 729,
629, 985, 984,
718, 629, 984,
1021, 1020, 818,
797, 1016, 653,
629, 773, 985,
1020, 1019, 674,
985, 773, 986,
1019, 1018, 763,
831, 1013, 776,
776, 1012, 632,
986, 828, 987,
1018, 1017, 708,
987, 739, 988,
739, 650, 988,
1017, 1016, 797,
794, 990, 989,
1016, 1015, 653,
705, 991, 990,
1015, 1014, 742,
810, 1009, 666,
705, 760, 991,
760, 992, 991,
1014, 1013, 831,
760, 671, 992,
671, 993, 992,
1013, 1012, 776,
671, 815, 993,
1012, 1011, 632,
815, 726, 994,
1011, 1010, 721,
700, 1006, 789,
994, 726, 995,
1010, 1009, 810,
781, 692, 996,
995, 781, 996,
1009, 1008, 755,
692, 836, 997,
996, 692, 997,
747, 998, 836,
1008, 1007, 611,
747, 999, 998,
1003, 679, 823,
1007, 1006, 700,
802, 1000, 999,
1006, 1005, 789,
802, 713, 1000,
1005, 1004, 734,
1000, 713, 1001,
1004, 1003, 823,
1001, 713, 768,
1003, 1002, 679,
1002, 1001, 768,
]