vertices = [
-0.4073164325838519,
-0.4080353148269937,
-0.3149004495329586,
-0.3766724825964073,
-0.2147767619741054,
-0.3512086967027040,
-0.0996060570365095,
-0.3648001629655144,
-0.0343964444692761,
-0.3356347999372229,
0.0437743124954893,
-0.3387910599173817,
0.1067784932473191,
-0.3649860195269401,
0.2158698217919931,
-0.3512101161727483,
0.3180412238188989,
-0.3760889460811211,
0.4079426794567201,
-0.4076794989056900,
-0.3765244949888532,
-0.3194266444100667,
-0.2953477776507606,
-0.2932134314762085,
-0.2155554897868272,
-0.2705917962172265,
-0.1348360213696271,
-0.2928165242983001,
-0.0496402428632889,
-0.2644143343402863,
0.0365169566097504,
-0.2636497938589487,
0.1255378106240190,
-0.2912150099935267,
0.2061952468781796,
-0.2708541931627226,
0.2935983796553331,
-0.2957653256969658,
0.3769356483268363,
-0.3155674454291965,
-0.3526412499980121,
-0.2207626238118742,
-0.2761714562979669,
-0.2001723610681357,
-0.1872337466145759,
-0.1990496453176515,
-0.1080223922737869,
-0.2072859214534741,
-0.0280173238164237,
-0.1867242184815555,
0.0544745767665250,
-0.1911160981389169,
0.1304369695502591,
-0.2096908226116337,
0.2031700871174316,
-0.1836137967399733,
0.2758921353664625,
-0.2135852647945835,
0.3523452392704541,
-0.2145389710442765,
-0.3586433836907550,
-0.1178766978074900,
-0.2855528949694466,
-0.1158186960363883,
-0.2131999133066373,
-0.1235714232383019,
-0.1306635285731950,
-0.1277558921843879,
-0.0545865500303314,
-0.1078996697817574,
0.0235025453380532,
-0.1178172292276361,
0.1099532384864823,
-0.1263722543413074,
0.1954851264324161,
-0.1077308643631806,
0.2881888318241860,
-0.1325724469291084,
0.3626603424817826,
-0.1011271807088523,
-0.3394870649667351,
-0.0435639686891044,
-0.2635961017689079,
-0.0299937453736713,
-0.1881359190375085,
-0.0495234190287671,
-0.1134361549866408,
-0.0446349883032671,
-0.0350291617562477,
-0.0244757946173160,
0.0414324013097568,
-0.0464990523312604,
0.1191548022819238,
-0.0512559542801637,
0.1916015445246010,
-0.0231113395952289,
0.2632353880329525,
-0.0512646122383869,
0.3350237644313341,
-0.0339496533626573,
-0.3363423536724441,
0.0359538943128455,
-0.2655264333040664,
0.0540854426988406,
-0.1884875690870460,
0.0323141627853190,
-0.1112578615281438,
0.0339801033628744,
-0.0363392164856230,
0.0544190202244210,
0.0430473912344217,
0.0327497498408629,
0.1172522281627252,
0.0279138090193688,
0.1877737805858188,
0.0573170374566262,
0.2624266817233479,
0.0380581017246903,
0.3375949898054318,
0.0434231350921048,
-0.3662042739214858,
0.0999774466641205,
-0.2975329419384185,
0.1356191715183835,
-0.2132095973761486,
0.1170765195387168,
-0.1330685871713174,
0.1143513767475918,
-0.0568964626753047,
0.1264745197198316,
0.0276798399053578,
0.1120208029025880,
0.1135484625138309,
0.1120475346574219,
0.2031460366537398,
0.1299116756919943,
0.2888787002782843,
0.1259723925514225,
0.3644316136480245,
0.1057414172072354,
-0.3519942225422173,
0.2165697904142770,
-0.2697901082246508,
0.2102156945584950,
-0.1875861931167031,
0.1932172965565655,
-0.1089176390904822,
0.2023541355082580,
-0.0232947300170746,
0.1941745013485765,
0.0538017110914645,
0.1852160171882871,
0.1247055359073205,
0.1985163567139673,
0.1973829798165017,
0.2051966139544980,
0.2751189239145388,
0.2070631746392781,
0.3518865938166676,
0.2149974349965436,
-0.3767308645494319,
0.3178948808757812,
-0.2949376361620487,
0.2949372610625205,
-0.2111727583590578,
0.2721172008556806,
-0.1343174290861193,
0.2908956117221688,
-0.0518665960627142,
0.2676383315444784,
0.0382034698613409,
0.2626332552135363,
0.1275031037873532,
0.2852845554876607,
0.2106495381725902,
0.2774316182972078,
0.2948814885443463,
0.2936456911491122,
0.3762341943147552,
0.3157496826044449,
-0.4077465563367083,
0.4080245641573581,
-0.3160659409783804,
0.3765321437285386,
-0.2141854203016089,
0.3517783888887840,
-0.0999852303418903,
0.3643152388367737,
-0.0328985087107646,
0.3368964260616030,
0.0444314863036752,
0.3381985260501467,
0.1087180771362070,
0.3625120734036095,
0.2171540302694526,
0.3524291507600206,
0.3178426523554558,
0.3763567345555571,
0.4080377633683976,
0.4074812927722706,
0.5928116469293551,
-0.5928116469293551,
0.5928116469293551,
0.5928116469293551,
-0.5928116469293551,
0.5928116469293551,
-0.5928116469293551,
-0.5928116469293551,
0.5435516293881654,
-0.5156583524286953,
0.5156583524286953,
0.5435516293881654,
-0.5435516293881654,
0.5156583524286953,
-0.5156583524286953,
-0.5435516293881654,
0.5131090557221862,
-0.4589386913862144,
0.4589386913862145,
0.5131090557221863,
-0.5131090557221862,
0.4589386913862144,
-0.4589386913862145,
-0.5131090557221863,
0.4905351162961919,
-0.4104111234162678,
0.4104111234162678,
0.4905351162961920,
-0.4905351162961919,
0.4104111234162678,
-0.4104111234162678,
-0.4905351162961920,
0.4724660992503077,
-0.3659706668088045,
0.3659706668088045,
0.4724660992503077,
-0.4724660992503077,
0.3659706668088045,
-0.3659706668088045,
-0.4724660992503077,
0.4573605175597967,
-0.3234027234135213,
0.3234027234135213,
0.4573605175597967,
-0.4573605175597967,
0.3234027234135213,
-0.3234027234135213,
-0.4573605175597967,
0.4443686914585544,
-0.2810434371755284,
0.2810434371755284,
0.4443686914585544,
-0.4443686914585544,
0.2810434371755284,
-0.2810434371755284,
-0.4443686914585544,
0.4329675485261147,
-0.2371460929954657,
0.2371460929954657,
0.4329675485261147,
-0.4329675485261147,
0.2371460929954657,
-0.2371460929954657,
-0.4329675485261147,
0.4228101847651909,
-0.1890864629428426,
0.1890864629428426,
0.4228101847651910,
-0.4228101847651909,
0.1890864629428426,
-0.1890864629428426,
-0.4228101847651910,
0.4136537912675486,
-0.1308088143169323,
0.1308088143169323,
0.4136537912675486,
-0.4136537912675486,
0.1308088143169323,
-0.1308088143169323,
-0.4136537912675486,
0.4053213146669598,
0.0000000000000000,
-0.0000000000000000,
0.4053213146669598,
-0.4053213146669598,
-0.0000000000000000,
0.0000000000000000,
-0.4053213146669598,
0.4136537912675486,
0.1308088143169324,
-0.1308088143169324,
0.4136537912675486,
-0.4136537912675486,
-0.1308088143169324,
0.1308088143169324,
-0.4136537912675486,
0.4228101847651909,
0.1890864629428426,
-0.1890864629428426,
0.4228101847651910,
-0.4228101847651909,
-0.1890864629428426,
0.1890864629428426,
-0.4228101847651910,
0.4329675485261147,
0.2371460929954657,
-0.2371460929954657,
0.4329675485261147,
-0.4329675485261147,
-0.2371460929954657,
0.2371460929954657,
-0.4329675485261147,
0.4443686914585544,
0.2810434371755283,
-0.2810434371755283,
0.4443686914585544,
-0.4443686914585544,
-0.2810434371755283,
0.2810434371755283,
-0.4443686914585544,
0.4573605175597967,
0.3234027234135213,
-0.3234027234135213,
0.4573605175597967,
-0.4573605175597967,
-0.3234027234135213,
0.3234027234135213,
-0.4573605175597967,
0.4724660992503077,
0.3659706668088045,
-0.3659706668088045,
0.4724660992503077,
-0.4724660992503077,
-0.3659706668088045,
0.3659706668088045,
-0.4724660992503077,
0.4905351162961919,
0.4104111234162678,
-0.4104111234162678,
0.4905351162961920,
-0.4905351162961919,
-0.4104111234162678,
0.4104111234162678,
-0.4905351162961920,
0.5131090557221862,
0.4589386913862144,
-0.4589386913862145,
0.5131090557221863,
-0.5131090557221862,
-0.4589386913862144,
0.4589386913862145,
-0.5131090557221863,
0.5435516293881654,
0.5156583524286953,
-0.5156583524286953,
0.5435516293881654,
-0.5435516293881654,
-0.5156583524286953,
0.5156583524286953,
-0.5435516293881654,
]

triangles = [
44, 53, 54,
44, 43, 53,
54, 55, 44,
53, 64, 54,
54, 65, 55,
52, 63, 53,
53, 63, 64,
35, 34, 44,
44, 34, 43,
55, 45, 44,
42, 52, 43,
43, 52, 53,
64, 65, 54,
33, 42, 43,
34, 33, 43,
45, 35, 44,
34, 23, 33,
51, 62, 52,
52, 62, 63,
73, 74, 64,
66, 56, 55,
55, 56, 45,
45, 36, 35,
73, 64, 63,
64, 74, 65,
65, 66, 55,
72, 73, 63,
56, 46, 45,
33, 32, 42,
42, 41, 52,
32, 41, 42,
41, 51, 52,
75, 66, 65,
25, 24, 35,
35, 24, 34,
33, 22, 32,
74, 75, 65,
62, 72, 63,
71, 72, 62,
46, 36, 45,
24, 23, 34,
36, 25, 35,
24, 14, 23,
23, 22, 33,
32, 31, 41,
83, 84, 73,
73, 84, 74,
74, 85, 75,
21, 31, 32,
50, 61, 51,
66, 57, 56,
56, 47, 46,
46, 37, 36,
67, 57, 66,
57, 47, 56,
50, 51, 41,
51, 61, 62,
72, 83, 73,
85, 76, 75,
75, 76, 66,
84, 85, 74,
40, 50, 41,
15, 14, 24,
23, 13, 22,
31, 40, 41,
70, 71, 61,
61, 71, 62,
82, 83, 72,
84, 94, 85,
47, 37, 46,
36, 26, 25,
25, 15, 24,
76, 67, 66,
57, 58, 47,
47, 48, 37,
71, 82, 72,
26, 15, 25,
27, 26, 36,
22, 21, 32,
31, 30, 40,
12, 21, 22,
142, 60, 50,
50, 60, 61,
4, 13, 14,
14, 13, 23,
21, 30, 31,
40, 142, 50,
13, 12, 22,
21, 20, 30,
93, 84, 83,
93, 94, 84,
86, 77, 76,
76, 77, 67,
86, 76, 85,
68, 58, 67,
67, 58, 57,
95, 86, 85,
38, 27, 37,
37, 27, 36,
5, 4, 15,
58, 48, 47,
146, 142, 40,
94, 95, 85,
60, 70, 61,
71, 81, 82,
138, 70, 60,
16, 15, 26,
15, 4, 14,
13, 2, 12,
92, 93, 83,
94, 141, 95,
92, 83, 82,
17, 16, 26,
70, 81, 71,
142, 138, 60,
81, 92, 82,
16, 5, 15,
11, 20, 21,
30, 146, 40,
78, 68, 67,
58, 49, 48,
78, 67, 77,
150, 146, 30,
143, 3, 4,
4, 3, 13,
12, 11, 21,
97, 87, 86,
86, 87, 77,
48, 38, 37,
27, 17, 26,
49, 38, 48,
2, 11, 12,
141, 96, 95,
95, 96, 86,
87, 78, 77,
28, 17, 27,
16, 6, 5,
3, 2, 13,
93, 141, 94,
145, 141, 93,
70, 80, 81,
138, 134, 70,
59, 58, 68,
59, 49, 58,
69, 59, 68,
149, 145, 92,
92, 145, 93,
29, 28, 38,
38, 28, 27,
20, 150, 30,
154, 150, 20,
7, 6, 16,
5, 143, 4,
7, 16, 17,
6, 143, 5,
3, 139, 2,
91, 92, 81,
153, 149, 92,
134, 130, 70,
143, 139, 3,
10, 20, 11,
130, 80, 70,
79, 69, 68,
140, 39, 49,
80, 91, 81,
87, 88, 78,
78, 79, 68,
96, 97, 86,
137, 97, 96,
140, 49, 59,
49, 39, 38,
141, 137, 96,
10, 154, 20,
10, 11, 1,
91, 153, 92,
139, 135, 2,
97, 88, 87,
1, 11, 2,
18, 17, 28,
18, 7, 17,
6, 147, 143,
130, 126, 80,
161, 157, 91,
88, 79, 78,
131, 1, 2,
7, 147, 6,
69, 140, 59,
144, 140, 69,
29, 18, 28,
7, 151, 147,
29, 38, 39,
136, 29, 39,
135, 131, 2,
10, 158, 154,
162, 158, 10,
161, 91, 90,
91, 157, 153,
137, 133, 97,
97, 98, 88,
148, 144, 79,
79, 144, 69,
126, 122, 80,
140, 136, 39,
19, 8, 18,
155, 151, 7,
131, 127, 1,
0, 162, 10,
90, 91, 80,
133, 129, 97,
152, 148, 79,
0, 10, 1,
89, 79, 88,
122, 90, 80,
129, 98, 97,
136, 132, 29,
8, 155, 7,
98, 89, 88,
122, 118, 90,
127, 123, 1,
8, 7, 18,
123, 0, 1,
89, 152, 79,
19, 18, 29,
90, 165, 161,
169, 165, 90,
128, 19, 29,
160, 156, 89,
129, 125, 98,
0, 166, 162,
132, 128, 29,
123, 119, 0,
0, 170, 166,
163, 159, 8,
8, 159, 155,
89, 156, 152,
160, 89, 99,
118, 114, 90,
114, 169, 90,
128, 124, 19,
9, 163, 8,
125, 121, 98,
115, 170, 0,
99, 89, 98,
119, 115, 0,
9, 8, 19,
121, 99, 98,
124, 120, 19,
121, 117, 99,
114, 110, 169,
120, 9, 19,
110, 173, 169,
168, 164, 99,
99, 164, 160,
9, 167, 163,
115, 174, 170,
115, 111, 174,
9, 171, 167,
120, 116, 9,
117, 113, 99,
113, 168, 99,
110, 106, 173,
112, 171, 9,
106, 177, 173,
116, 112, 9,
111, 178, 174,
107, 178, 111,
113, 172, 168,
109, 172, 113,
108, 175, 171,
112, 108, 171,
106, 102, 177,
109, 176, 172,
105, 176, 109,
107, 103, 178,
104, 179, 175,
104, 175, 108,
105, 101, 176,
104, 100, 179,
]