vertices = [
-0.4907900518565922,
-0.4907846741873840,
-0.4465379131727256,
-0.4705924297683702,
-0.4024836449529265,
-0.4505285826936226,
-0.3608357548696181,
-0.4347616201988103,
-0.3217163759744704,
-0.4224653095913767,
-0.2846404272900410,
-0.4121535065627451,
-0.2503290211232406,
-0.4035916532957335,
-0.2177141608687728,
-0.3972314355003876,
-0.1868064235249089,
-0.3911725527355778,
-0.1570104981685937,
-0.3871931083198283,
-0.1279364732245234,
-0.3831996342945584,
-0.0992862545357081,
-0.3846022738266787,
-0.0685517611878370,
-0.3801209117495774,
-0.0435736597633912,
-0.3950262485319774,
-0.0172430355247118,
-0.3836603648555005,
0.0127893305494531,
-0.3788412582525965,
0.0396957065458218,
-0.3946115965797526,
0.0670692158942161,
-0.3817851942236548,
0.0986651419724756,
-0.3847723502730000,
0.1278302281584971,
-0.3835852564769999,
0.1569753898102972,
-0.3871857458875470,
0.1868335851637986,
-0.3911391670042466,
0.2177345139334155,
-0.3972089832699474,
0.2503744479558360,
-0.4035874301302319,
0.2848270200455076,
-0.4122545301508309,
0.3219207614908451,
-0.4224470121413124,
0.3611698431542426,
-0.4346534553950402,
0.4026377757147053,
-0.4505641747103360,
0.4466143122056527,
-0.4705833904203096,
0.4908106425136899,
-0.4907970090660858,
-0.4706505402349226,
-0.4472845130951281,
-0.4307116703284590,
-0.4310033671755220,
-0.3887568493411446,
-0.4133651139765621,
-0.3480124133271913,
-0.3986956596637461,
-0.3096874256543651,
-0.3877502597589497,
-0.2740063695384494,
-0.3782226656804502,
-0.2403253671970731,
-0.3707266146843652,
-0.2085405056055493,
-0.3649156190294193,
-0.1776087806677023,
-0.3604594067511738,
-0.1474383120763977,
-0.3565244874455465,
-0.1176959831216870,
-0.3522497548713928,
-0.0898391375873753,
-0.3570536606789109,
-0.0641016608953100,
-0.3465112680228128,
-0.0412386782099885,
-0.3644750152484730,
-0.0133823597923130,
-0.3550197472765375,
0.0142284149469511,
-0.3479315896516822,
0.0402901906231865,
-0.3647097455080101,
0.0644444760514497,
-0.3472239006764939,
0.0898343785434775,
-0.3570077871010970,
0.1178098952405548,
-0.3534006463189541,
0.1475264913565490,
-0.3566507193637737,
0.1776964861414846,
-0.3603902500510944,
0.2085988944711038,
-0.3648105053113042,
0.2403709854243383,
-0.3706627037223374,
0.2741787878832501,
-0.3783396805056310,
0.3097238692293852,
-0.3879248526616592,
0.3483807109054922,
-0.3987258670460046,
0.3894830078440308,
-0.4132242714871223,
0.4309048751280346,
-0.4308938045359143,
0.4707254399924022,
-0.4473149035735949,
-0.4510649048939107,
-0.4032433957219353,
-0.4135096154641508,
-0.3893987729098345,
-0.3748135484877183,
-0.3751980900452537,
-0.3359748028269129,
-0.3628118347480386,
-0.2999189151176506,
-0.3524930189549620,
-0.2659529038374902,
-0.3442402429319977,
-0.2330805550085669,
-0.3383187057264545,
-0.2018877034767682,
-0.3336110064085334,
-0.1719319907387899,
-0.3301903765425004,
-0.1432790017104540,
-0.3264821324946637,
-0.1160499138977960,
-0.3205307768750134,
-0.0897653787254027,
-0.3272904546549079,
-0.0635481270814631,
-0.3153146915637949,
-0.0382068312351531,
-0.3323891624720978,
-0.0114129070350343,
-0.3265542373611240,
0.0142386514014261,
-0.3167732440729599,
0.0391659913281225,
-0.3325721683575786,
0.0640451569966324,
-0.3154993325373313,
0.0908880037590781,
-0.3260293627102365,
0.1178051316968258,
-0.3230670530357664,
0.1441775642782739,
-0.3263187474403625,
0.1721236520673101,
-0.3300272029684582,
0.2019503456807301,
-0.3334718143779901,
0.2331368800642862,
-0.3380098697930131,
0.2656950962386930,
-0.3443673278118691,
0.2999053069141688,
-0.3525071807679230,
0.3358974174754487,
-0.3629071599612372,
0.3748860576182391,
-0.3751582587329788,
0.4137274202168857,
-0.3887523420949586,
0.4512300718558616,
-0.4034368189527618,
-0.4347725296744505,
-0.3612885137233704,
-0.3985109387591295,
-0.3486062042198406,
-0.3621104336518152,
-0.3371081553001404,
-0.3267528864027730,
-0.3260929538810955,
-0.2926208246365796,
-0.3175725379799597,
-0.2586197503423600,
-0.3118618988360294,
-0.2271530787131590,
-0.3065232222010540,
-0.1971018395299526,
-0.3031050051659798,
-0.1688376671965062,
-0.2997605979322364,
-0.1423033700434846,
-0.2958623792058757,
-0.1167571276155107,
-0.2918769833092405,
-0.0900938355037181,
-0.2956054782615276,
-0.0629867771281641,
-0.2856348391937560,
-0.0382606370411930,
-0.3000813612212970,
-0.0127144650078590,
-0.2992398596353533,
0.0130614294506920,
-0.2871345642904735,
0.0384066523655113,
-0.3014818465938655,
0.0625572675336844,
-0.2848457045031525,
0.0879358377669924,
-0.2946413356712525,
0.1139916599826283,
-0.2941259266249627,
0.1407960231401058,
-0.2955160888520400,
0.1684133967958353,
-0.2993867656795995,
0.1969199718097661,
-0.3029466743887840,
0.2272159716995533,
-0.3063109359903651,
0.2587403973762735,
-0.3115470437924866,
0.2924379251868602,
-0.3175956763223159,
0.3266144529822649,
-0.3260766044220640,
0.3620138566178170,
-0.3371125215326378,
0.3984529819816949,
-0.3484976273253795,
0.4350820159515388,
-0.3614637413879090,
-0.4223844800416668,
-0.3221345915669531,
-0.3875460514275832,
-0.3103906557683750,
-0.3532552670829764,
-0.2998552828395540,
-0.3189673792638932,
-0.2912394081585130,
-0.2846379236503477,
-0.2851910933230017,
-0.2525832784116234,
-0.2798217839570327,
-0.2224721568620844,
-0.2755429768947987,
-0.1938040673896181,
-0.2730404984623545,
-0.1662355137335704,
-0.2694684784418662,
-0.1395337129022178,
-0.2657885356819284,
-0.1130003118379690,
-0.2648589856436437,
-0.0873317321807428,
-0.2646249123829916,
-0.0614093504871901,
-0.2584247498889872,
-0.0367861189187850,
-0.2683166912671536,
-0.0113576304786497,
-0.2720620459462206,
0.0127234893953192,
-0.2578132465447495,
0.0373906485256881,
-0.2718309602252429,
0.0613599651077709,
-0.2556419465086801,
0.0864494092213529,
-0.2645763932839064,
0.1120136211493488,
-0.2652295982283418,
0.1383829532859822,
-0.2657323994389116,
0.1650764825180585,
-0.2691778336307962,
0.1929922887721433,
-0.2726206747655638,
0.2221226111144679,
-0.2759166283905959,
0.2530255783802248,
-0.2793757352665156,
0.2848553175205458,
-0.2850197270078721,
0.3191238461673626,
-0.2911430177946929,
0.3532040676740636,
-0.2999333616336765,
0.3875267946151009,
-0.3104267633201596,
0.4224381739063772,
-0.3223464916328168,
-0.4120862801889403,
-0.2850451102598448,
-0.3786138950812570,
-0.2741915604884352,
-0.3447220072831947,
-0.2653798452789696,
-0.3110674013770585,
-0.2589228881488332,
-0.2788933420129858,
-0.2533724234260941,
-0.2485820336474601,
-0.2486187720856079,
-0.2191577489612536,
-0.2455400996822183,
-0.1909495669972993,
-0.2438456035264115,
-0.1637899430699014,
-0.2395046906537960,
-0.1376988517776100,
-0.2382730672502572,
-0.1116217771763588,
-0.2374481315205014,
-0.0874626087701147,
-0.2346107034315631,
-0.0636998602140912,
-0.2350905242239379,
-0.0377580873567875,
-0.2363122306094300,
-0.0133253004846402,
-0.2450271046832655,
0.0119339609804070,
-0.2300221319405857,
0.0365407104591119,
-0.2427437545321862,
0.0599905826336921,
-0.2276526984053631,
0.0850772650100004,
-0.2358826709561717,
0.1104993772621729,
-0.2369636080238303,
0.1366834853276152,
-0.2374629866612308,
0.1633178373316192,
-0.2395689057647982,
0.1904758754530226,
-0.2430224298652101,
0.2185081270947913,
-0.2458724187516570,
0.2482305634526059,
-0.2490483801035558,
0.2792418800229439,
-0.2529345712612661,
0.3112446289046183,
-0.2588346484600509,
0.3449815694557952,
-0.2653152284963302,
0.3786297261210820,
-0.2742430079261998,
0.4121549749770222,
-0.2852430072997205,
-0.4037571445121978,
-0.2503124575633029,
-0.3707115866943188,
-0.2404457593160401,
-0.3376950286290888,
-0.2333387152627117,
-0.3059792925008362,
-0.2273404922852946,
-0.2754453156472502,
-0.2223010348054690,
-0.2453717002128325,
-0.2190409521119333,
-0.2162162358300412,
-0.2165720896912671,
-0.1880205048590522,
-0.2155778456011779,
-0.1605453738263489,
-0.2100129214050799,
-0.1335633455753295,
-0.2132925825857006,
-0.1084770007298468,
-0.2097026305212445,
-0.0838144456598693,
-0.2058663821097508,
-0.0587320425275246,
-0.2133933128676165,
-0.0351497737463957,
-0.2057002338688930,
-0.0127023614466836,
-0.2176434503374898,
0.0120434033585267,
-0.2027045077044072,
0.0357491228883338,
-0.2136782858643074,
0.0593442932802161,
-0.2010822667437711,
0.0841154337799833,
-0.2083200105504574,
0.1091397806104202,
-0.2096518797649392,
0.1347952677687979,
-0.2103093945917854,
0.1612222442157011,
-0.2113099465350362,
0.1883571348508918,
-0.2144590729048928,
0.2160816068822649,
-0.2161466124702300,
0.2445256996345541,
-0.2196799031649584,
0.2749484291251162,
-0.2226263450822837,
0.3060406607074435,
-0.2272907811417349,
0.3377940161702701,
-0.2333671405080272,
0.3708772560679741,
-0.2403488386504146,
0.4038422437891232,
-0.2504000236709191,
-0.3971575750221615,
-0.2176595285553613,
-0.3646031509444347,
-0.2087175973400022,
-0.3332504642936051,
-0.2020642646028133,
-0.3027172464034482,
-0.1970170484203767,
-0.2724524143521805,
-0.1931778769894911,
-0.2429252848189469,
-0.1909830044370421,
-0.2139190919503698,
-0.1885417106002269,
-0.1863758523884984,
-0.1880594448254510,
-0.1597124071473738,
-0.1814307066917051,
-0.1342615125321169,
-0.1890154239013145,
-0.1082974972926342,
-0.1828334135461879,
-0.0837339645956393,
-0.1786528714451075,
-0.0594477115863523,
-0.1887545553835691,
-0.0356334425215838,
-0.1779048961407537,
-0.0118756384864534,
-0.1901875617650209,
0.0115943440861510,
-0.1770050265419791,
0.0365367837006662,
-0.1844394799036048,
0.0611296037653288,
-0.1769238048039623,
0.0843070603102182,
-0.1816028512073756,
0.1081783440830149,
-0.1831970923393083,
0.1334227708426081,
-0.1839909769214718,
0.1593490035630390,
-0.1844829430010009,
0.1874273460355536,
-0.1876520016634266,
0.2153569946356191,
-0.1878774433303465,
0.2439517850005552,
-0.1910211269004645,
0.2728097335586747,
-0.1938813664107622,
0.3028140308985623,
-0.1972024746751586,
0.3334420029731640,
-0.2019922258276427,
0.3646702540392092,
-0.2086807594549710,
0.3971709608315310,
-0.2175251174032626,
-0.3910578396894165,
-0.1867965422187570,
-0.3602042472193382,
-0.1777644831251034,
-0.3298934611773086,
-0.1722011626495061,
-0.2993246925905736,
-0.1683902260805389,
-0.2691400047008505,
-0.1650900616551861,
-0.2398927691199868,
-0.1644186376343208,
-0.2113851203790000,
-0.1606998828654424,
-0.1841078973928039,
-0.1623890906908338,
-0.1583524627928446,
-0.1545522000714921,
-0.1324137906371151,
-0.1643060454328841,
-0.1070679546973007,
-0.1556590829111193,
-0.0820603056399486,
-0.1538030199336719,
-0.0587890475987762,
-0.1627727464525204,
-0.0362012177162667,
-0.1503002677359773,
-0.0138359161687094,
-0.1635340230440556,
0.0074930233731202,
-0.1525006939804467,
0.0307884459997957,
-0.1573611187010666,
0.0537607435760099,
-0.1548977143700752,
0.0789127191183689,
-0.1554575065150954,
0.1033115924922585,
-0.1569888866154278,
0.1286804163273693,
-0.1588277303553284,
0.1559133934707546,
-0.1574729877656626,
0.1817621478507715,
-0.1637431274344069,
0.2102195601365106,
-0.1601113221016398,
0.2395239809635819,
-0.1638861816856055,
0.2693900662763343,
-0.1658852265364783,
0.2998449878877701,
-0.1690440886876131,
0.3302857123359293,
-0.1719603235904965,
0.3604334871179318,
-0.1775468161451514,
0.3910566754676110,
-0.1867250673559377,
-0.3871316045144449,
-0.1569772807994088,
-0.3566626108556866,
-0.1476190088096014,
-0.3263139704605892,
-0.1441824455095161,
-0.2953640343355804,
-0.1406857416126682,
-0.2654305608865460,
-0.1375921421308973,
-0.2368708286150800,
-0.1393905383359364,
-0.2102091056477995,
-0.1331239320045524,
-0.1842388955311240,
-0.1380685486768527,
-0.1586050381187835,
-0.1280723757282286,
-0.1343202749780467,
-0.1394900214655737,
-0.1115786621028205,
-0.1297569995147459,
-0.0878275140514352,
-0.1304682641948984,
-0.0615875915282134,
-0.1355968946497337,
-0.0367134948853363,
-0.1261759361485341,
-0.0112998330845952,
-0.1355488272484787,
0.0155120760105121,
-0.1306242752574428,
0.0402885267951832,
-0.1319276483683663,
0.0653957818652609,
-0.1315677622709739,
0.0903773229495589,
-0.1311138373571070,
0.1143077530024545,
-0.1323610549135250,
0.1389318908092476,
-0.1345285214140861,
0.1623665461742487,
-0.1313002148339100,
0.1862255637139378,
-0.1402731219571346,
0.2113575297354522,
-0.1322107772062769,
0.2380167983903925,
-0.1380116222612868,
0.2657913268174527,
-0.1387686682660560,
0.2961180851789950,
-0.1425233739228766,
0.3266162121794982,
-0.1433797682729940,
0.3565943793297934,
-0.1473227595535124,
0.3871761701549342,
-0.1569111094575088,
-0.3836350993706502,
-0.1278863809782586,
-0.3536595941254618,
-0.1178521521776971,
-0.3233297691243722,
-0.1177182312245123,
-0.2942651199362667,
-0.1137459054014727,
-0.2655134607483103,
-0.1104702936821609,
-0.2374575956102567,
-0.1145774596290147,
-0.2103579182029223,
-0.1069589782323416,
-0.1838751235626823,
-0.1133329817975573,
-0.1578187714849913,
-0.1028892836902566,
-0.1330379100902419,
-0.1137626417590679,
-0.1063551478133919,
-0.1051649464792577,
-0.0797512441985943,
-0.1084655660149031,
-0.0568926306671633,
-0.1107096972980483,
-0.0368121329659769,
-0.0991684651548220,
-0.0171189631054735,
-0.1120025402756193,
0.0051375738249073,
-0.1083055107982495,
0.0290489242343397,
-0.1079436302934848,
0.0540979585300557,
-0.1078150870497130,
0.0788282971408911,
-0.1081858185358465,
0.1054945894031245,
-0.1057477421086966,
0.1305167883826030,
-0.1108312689360079,
0.1564553402906537,
-0.1063671051707030,
0.1840160258511844,
-0.1153020372517209,
0.2092080199351872,
-0.1057180516704346,
0.2351161542960316,
-0.1131601444847834,
0.2633568340327267,
-0.1112937926582602,
0.2907243202291571,
-0.1173916689832235,
0.3202130152727868,
-0.1161817478612532,
0.3521371511045507,
-0.1175191064804506,
0.3831249433915985,
-0.1278025740614850,
-0.3847725734417383,
-0.0986647708307968,
-0.3568409107401046,
-0.0898104391091215,
-0.3259804108271136,
-0.0908045467803974,
-0.2950477144500288,
-0.0875363334393155,
-0.2657056061331298,
-0.0850995340200178,
-0.2373203777415827,
-0.0884818532511264,
-0.2089880002516067,
-0.0818325821114122,
-0.1832189798571195,
-0.0887791830592886,
-0.1577307713631025,
-0.0781744212310027,
-0.1326534667065866,
-0.0895789776977552,
-0.1099718762486102,
-0.0799992673602909,
-0.0865635738606373,
-0.0851462210437793,
-0.0617390064766756,
-0.0851212161573362,
-0.0364250475711552,
-0.0763594251426540,
-0.0121368375500285,
-0.0879708342854615,
0.0135574325764043,
-0.0832477523533481,
0.0384630133217509,
-0.0854944997130512,
0.0628601669029017,
-0.0828340241792027,
0.0867839063239537,
-0.0855849636815097,
0.1103817543596727,
-0.0796130962256702,
0.1333588296913577,
-0.0868245767083891,
0.1582390790228525,
-0.0810180895556148,
0.1830406509733324,
-0.0912220035635944,
0.2100815614339844,
-0.0810468416041466,
0.2385858560368481,
-0.0891577597520334,
0.2668142132196070,
-0.0853052069613641,
0.2966253676615878,
-0.0913038527793665,
0.3279439714957949,
-0.0899351352928789,
0.3573340886333769,
-0.0894871631619778,
0.3845999733759705,
-0.0991964580182167,
-0.3816392725355630,
-0.0670354786259123,
-0.3470870584332683,
-0.0642726243265870,
-0.3156593169496287,
-0.0637658427624939,
-0.2853461734016233,
-0.0616955407311961,
-0.2565717200951071,
-0.0608193498587833,
-0.2302829779730357,
-0.0623903639972829,
-0.2051923399411439,
-0.0567131004349402,
-0.1819818162226247,
-0.0638023034812599,
-0.1585007820870134,
-0.0527388512602850,
-0.1348619129092054,
-0.0640986002373449,
-0.1108883356378355,
-0.0574629436535011,
-0.0849115991870649,
-0.0607901815322195,
-0.0601458714683533,
-0.0600472991873685,
-0.0349741965174897,
-0.0540479711089644,
-0.0104063391047385,
-0.0646839260807492,
0.0135408475383066,
-0.0586592316443446,
0.0380405288080443,
-0.0615800083635411,
0.0628290451565797,
-0.0588943711311638,
0.0873920212994737,
-0.0610555078101748,
0.1118936727820973,
-0.0558138818147334,
0.1362837996081269,
-0.0606092085557159,
0.1602850177125884,
-0.0566790254102265,
0.1841980702144290,
-0.0671769824932541,
0.2087936408251280,
-0.0556985092667493,
0.2340190411026461,
-0.0647623459235205,
0.2593087647134107,
-0.0592865251144529,
0.2864938771419343,
-0.0639350009201059,
0.3156376840797620,
-0.0639747533322265,
0.3464436569241290,
-0.0636310964045513,
0.3801082466159755,
-0.0683071592872757,
-0.3945366270671248,
-0.0397034321604893,
-0.3644800315222349,
-0.0400840229502271,
-0.3324550341820914,
-0.0387304878861161,
-0.3013921388231935,
-0.0379194239903825,
-0.2712946411537314,
-0.0368311970048522,
-0.2419108970082158,
-0.0369591042353437,
-0.2144541842280615,
-0.0347815114716201,
-0.1845964353686534,
-0.0367953666741751,
-0.1560642707276668,
-0.0300484305489590,
-0.1302853614810245,
-0.0386770958279937,
-0.1015025414761109,
-0.0374722659787076,
-0.0780063509789901,
-0.0351171194692209,
-0.0542627071832024,
-0.0361649142321242,
-0.0314227500754785,
-0.0302739332293708,
-0.0132774642805664,
-0.0405530975319368,
0.0058928962492234,
-0.0350395405082618,
0.0291167828569126,
-0.0361558062040074,
0.0516598369142315,
-0.0371946130797841,
0.0766144471448540,
-0.0368315029224335,
0.1003082073555679,
-0.0347072941267439,
0.1275605370428083,
-0.0354289258033224,
0.1545105678076565,
-0.0332197680929603,
0.1823467322511296,
-0.0424400605551311,
0.2098168207299282,
-0.0318731860268390,
0.2370725489511201,
-0.0388909270004104,
0.2682187041724916,
-0.0348052193038311,
0.2990920219627474,
-0.0393391922585362,
0.3310691899697015,
-0.0380020697707159,
0.3642545717655591,
-0.0412468218048851,
0.3949421680128873,
-0.0431803429923388,
-0.3787109019979967,
-0.0126865412213084,
-0.3477346300219336,
-0.0136842918494090,
-0.3166135877160025,
-0.0138342181240649,
-0.2865190469763131,
-0.0130130577926122,
-0.2576503493064307,
-0.0125259290911161,
-0.2299828957332047,
-0.0118949546577173,
-0.2021653516245647,
-0.0120586656608549,
-0.1767606815519438,
-0.0115040943006759,
-0.1524618626539618,
-0.0068742213893043,
-0.1306077683545802,
-0.0135734849736255,
-0.1080114370188627,
-0.0169732247057035,
-0.0861902840789492,
-0.0089445778581244,
-0.0631898500843816,
-0.0128440221186938,
-0.0398369528468847,
-0.0114199507867188,
-0.0125412367012095,
-0.0111609882922649,
0.0133118443081010,
-0.0131859767621135,
0.0378006315551921,
-0.0109582403962987,
0.0610944102766557,
-0.0148860679400773,
0.0842222315539101,
-0.0119607487515282,
0.1091785124473555,
-0.0120902950226987,
0.1341690154969323,
-0.0117926572981844,
0.1591615275260971,
-0.0087371712658248,
0.1837154572111094,
-0.0195091209021263,
0.2108140297758794,
-0.0082943056277661,
0.2396134085623646,
-0.0138063946471526,
0.2680637960734922,
-0.0097255173640653,
0.2962960078817888,
-0.0137577103435873,
0.3245180270712358,
-0.0117075028243264,
0.3537050076844088,
-0.0141536385554757,
0.3830265977296277,
-0.0168236356827204,
-0.3836257076111633,
0.0172777424214150,
-0.3547571237769217,
0.0138983918522819,
-0.3261643546746124,
0.0121019351167698,
-0.2995076790683507,
0.0117982091923121,
-0.2725315853831559,
0.0129309994775526,
-0.2449101989421357,
0.0127084858326157,
-0.2164468892801663,
0.0120482532540522,
-0.1898802009573055,
0.0126297766594731,
-0.1636898807614315,
0.0139279156178285,
-0.1364223035369859,
0.0126323754511071,
-0.1113971215608422,
0.0076977033859623,
-0.0856603879160530,
0.0148621164735832,
-0.0626086781772935,
0.0120144276429290,
-0.0377714640886789,
0.0095237703250094,
-0.0123177888327047,
0.0142920875804197,
0.0129342816752234,
0.0104478348274849,
0.0384776228149593,
0.0127431807976606,
0.0637947495450840,
0.0098112620991351,
0.0895856125563527,
0.0113783522327315,
0.1152517890220989,
0.0112787557393490,
0.1394660481000172,
0.0126259452570834,
0.1621567510312564,
0.0163431797380485,
0.1835301242805080,
0.0041300861650910,
0.2043426697382416,
0.0159653815396616,
0.2295701239038273,
0.0122529868323744,
0.2566672508624606,
0.0129056382645028,
0.2873078591975461,
0.0124929707768888,
0.3170254582055575,
0.0134971338852720,
0.3486512289187998,
0.0132239037245685,
0.3793255006740366,
0.0131883659010281,
-0.3950337551286605,
0.0435719911082604,
-0.3642843462819060,
0.0414850573825307,
-0.3314103779080879,
0.0384108578780279,
-0.2976818125916181,
0.0377416684323678,
-0.2641683186591300,
0.0380133929722767,
-0.2319922562792909,
0.0349839886241217,
-0.2035801876155037,
0.0370833806845967,
-0.1760725566242057,
0.0361433077812933,
-0.1496346888283512,
0.0362383757723663,
-0.1248614538802254,
0.0344286812250716,
-0.1021438637674710,
0.0312268297158378,
-0.0796318905477046,
0.0402332511705012,
-0.0572779092459745,
0.0355339611941904,
-0.0363127650667842,
0.0329455150239107,
-0.0157050653212264,
0.0394820782378799,
0.0061042776657937,
0.0361661535443650,
0.0284314151519729,
0.0347707410359382,
0.0533994092505591,
0.0339537433523089,
0.0772136133041940,
0.0351387293189339,
0.1017184443153323,
0.0337649543551949,
0.1284201729474685,
0.0347756824759439,
0.1552100096592668,
0.0396712170685320,
0.1831950392415110,
0.0313119253743840,
0.2116827257168330,
0.0386931769952908,
0.2417989791189013,
0.0359466460774164,
0.2719534685101091,
0.0363966606507714,
0.3017384166505567,
0.0378343343932631,
0.3330678558706865,
0.0384898781801869,
0.3645583384074708,
0.0403216004090380,
0.3946149604079402,
0.0401134702555205,
-0.3799994108264166,
0.0685835582962530,
-0.3461935771730116,
0.0641200155329370,
-0.3148954220423946,
0.0632380903542004,
-0.2857120444237551,
0.0630658571169696,
-0.2597589940946743,
0.0634873064965438,
-0.2366702458594558,
0.0575372600826738,
-0.2112799436068065,
0.0619963086529042,
-0.1837416683168113,
0.0592457539889504,
-0.1573231312614499,
0.0599606717002124,
-0.1315109049470865,
0.0592025020821532,
-0.1061278239174869,
0.0552683083202550,
-0.0834866150920046,
0.0643973220903553,
-0.0575441095251433,
0.0595594660273570,
-0.0322893362254532,
0.0589881204487564,
-0.0058332436155120,
0.0618877555120282,
0.0173014990456574,
0.0605948450892736,
0.0401282562422165,
0.0564215737481511,
0.0625174755674971,
0.0581485996707161,
0.0863862531285080,
0.0601911534674763,
0.1107153336111449,
0.0551872633203552,
0.1343962796339565,
0.0592669109286858,
0.1582369905387850,
0.0653808535320292,
0.1816851061212515,
0.0538478199114727,
0.2051576211807050,
0.0642044945653018,
0.2296458878430430,
0.0592438378577426,
0.2565524796108019,
0.0601427321298340,
0.2850565904575740,
0.0619881507577575,
0.3155057615567185,
0.0632025856436800,
0.3472760803358833,
0.0647982017346723,
0.3815252679494104,
0.0674881923831009,
-0.3845780935614174,
0.0992996712909398,
-0.3568725647749359,
0.0899527128348730,
-0.3272026057466181,
0.0898490700934582,
-0.2966242421280981,
0.0899135094276422,
-0.2663537833721958,
0.0881619130893270,
-0.2377170478143952,
0.0829823862399177,
-0.2121283389273556,
0.0884125759078033,
-0.1880245724329221,
0.0831652685805975,
-0.1631269070945111,
0.0841537834704024,
-0.1377392020010268,
0.0840081971245519,
-0.1121897131213385,
0.0807375896376555,
-0.0886849577024814,
0.0875151111287558,
-0.0652419226008013,
0.0840871506191441,
-0.0413967430495685,
0.0823678571275844,
-0.0164004595090313,
0.0827588632794232,
0.0103658203528060,
0.0860055497796778,
0.0369612831272061,
0.0792631330983363,
0.0617468501353775,
0.0824074027788787,
0.0855766689120349,
0.0855185019040555,
0.1087642770117866,
0.0791239720738339,
0.1320351533444998,
0.0839124734664959,
0.1568769239861721,
0.0900904465102669,
0.1823224047883290,
0.0796225407429434,
0.2095465235837365,
0.0886878961053399,
0.2365045169325090,
0.0836842403920078,
0.2646566134126676,
0.0858037580160244,
0.2944407794744583,
0.0875828578186094,
0.3254558524177208,
0.0899738548126783,
0.3563262181675314,
0.0910949904224442,
0.3846949043628735,
0.0989116422215045,
-0.3833384777198024,
0.1279138230622135,
-0.3524152287754206,
0.1178661547439566,
-0.3208022951927416,
0.1163515832321160,
-0.2916948805177838,
0.1162641278540543,
-0.2641125825370516,
0.1130798768136230,
-0.2364679722750807,
0.1086425286616104,
-0.2078951146642160,
0.1124337841983209,
-0.1805177124104057,
0.1077182137670465,
-0.1530909957743603,
0.1084914668341942,
-0.1270881951787031,
0.1077734414442991,
-0.1029879763745041,
0.1072993338399489,
-0.0775646640057108,
0.1099923509762074,
-0.0537404075172879,
0.1072943287617513,
-0.0302031756913875,
0.1058810978922854,
-0.0077254870314810,
0.1055895379560000,
0.0119889324306480,
0.1145839712637397,
0.0324586138396594,
0.1012139089373106,
0.0553779858009865,
0.1065939001116509,
0.0787115888458871,
0.1087949712991516,
0.1052827659309317,
0.1058171361158585,
0.1311581966164581,
0.1083063192003023,
0.1571934032849764,
0.1144784822217607,
0.1829604457979427,
0.1044277758615458,
0.2098579546164048,
0.1131836641589447,
0.2371689460303640,
0.1090201931433069,
0.2653443123112201,
0.1117257175779196,
0.2946096251963197,
0.1138644510516451,
0.3242656911862534,
0.1165812501191897,
0.3544061090271313,
0.1191778614700574,
0.3838901757945274,
0.1282444324575392,
-0.3871464710494525,
0.1569796537954517,
-0.3565646877678425,
0.1475279385880220,
-0.3264950409556108,
0.1434935012870512,
-0.2957912191688392,
0.1422431395066690,
-0.2657576998018066,
0.1392445938144204,
-0.2376218046535528,
0.1351651899501649,
-0.2108671985114863,
0.1368635723864556,
-0.1840922499872981,
0.1330525064631261,
-0.1586112894682474,
0.1326590593772856,
-0.1331998194422108,
0.1331440836300255,
-0.1081964055838060,
0.1318127612018898,
-0.0841298493962734,
0.1337511253433690,
-0.0600718430919931,
0.1332456769566173,
-0.0372404129453177,
0.1300750104672563,
-0.0137154590127299,
0.1306205711594136,
0.0109432677380294,
0.1391873982843012,
0.0346820697053850,
0.1259292562438902,
0.0582182881074386,
0.1322433757404968,
0.0827120222598568,
0.1323649065105710,
0.1073068465382985,
0.1316896269507274,
0.1325468809539865,
0.1329827429283318,
0.1585348226360952,
0.1389826480619544,
0.1836486553744623,
0.1299271339102229,
0.2096850264237266,
0.1371860805881067,
0.2372197050343287,
0.1357899156346133,
0.2657259657271781,
0.1383856001601101,
0.2954073735552660,
0.1407566911860403,
0.3261698835057867,
0.1435448517704664,
0.3565710719769064,
0.1482534879173296,
0.3870885260470589,
0.1571517556774257,
-0.3911086622139287,
0.1868331733209275,
-0.3603960194593748,
0.1775869257028189,
-0.3299725771844253,
0.1720169818120174,
-0.2995031561871442,
0.1687867260954904,
-0.2692687613073847,
0.1658030838828356,
-0.2401001814647024,
0.1626703724917611,
-0.2127502722374315,
0.1626949086509392,
-0.1875082134098330,
0.1591785650237631,
-0.1634673556620448,
0.1585755637222445,
-0.1390486811346651,
0.1588409063473618,
-0.1144035664216108,
0.1575205443890012,
-0.0896712390882346,
0.1579220912032477,
-0.0642061188584763,
0.1582822107511902,
-0.0381149464568377,
0.1557722731289077,
-0.0123432111976909,
0.1554403016903913,
0.0141915457436958,
0.1640403981260466,
0.0359400198006272,
0.1504080313265598,
0.0603951294054369,
0.1576775028579813,
0.0846550063975182,
0.1576066167606416,
0.1090573957971778,
0.1572941457295045,
0.1337575269439083,
0.1583576318372822,
0.1591607362183519,
0.1633320250452379,
0.1849470344521666,
0.1567571066672586,
0.2123524018738084,
0.1619786573361578,
0.2406396175422934,
0.1630026064409075,
0.2699934360413161,
0.1655752387948712,
0.2997282585749494,
0.1683195724466784,
0.3300325650661278,
0.1720639754422049,
0.3603310594395513,
0.1779908558618587,
0.3911128540540055,
0.1869003442956209,
-0.3971900157341293,
0.2176927819257348,
-0.3646778378958629,
0.2086096891653377,
-0.3336012386211494,
0.2017107833822631,
-0.3027246215175602,
0.1969946867063921,
-0.2723791539431935,
0.1931450506750132,
-0.2422888919338436,
0.1902624416876835,
-0.2128653244748525,
0.1895130986000938,
-0.1844712664043686,
0.1866745669506795,
-0.1566458002798425,
0.1847306903441211,
-0.1297307493337418,
0.1839350862446004,
-0.1038646793440797,
0.1829271393447574,
-0.0789402923438728,
0.1833168440975377,
-0.0533782871396380,
0.1825140626337796,
-0.0303289503453737,
0.1821167945939454,
-0.0067623297905260,
0.1786237210137408,
0.0145994986484808,
0.1905190410892127,
0.0385799489874753,
0.1764022270491199,
0.0631399071889732,
0.1847197868369421,
0.0890477554820803,
0.1830690602158691,
0.1137254047520748,
0.1837092358334599,
0.1381290339250119,
0.1845950501489680,
0.1634263604694992,
0.1879554033453139,
0.1887786708308648,
0.1841891664380322,
0.2158516729564200,
0.1884431534262880,
0.2440662033998268,
0.1906510225980557,
0.2727613505486206,
0.1936511512419336,
0.3027360622700205,
0.1968422049368901,
0.3334732274490769,
0.2019854581087651,
0.3647389185295630,
0.2087503088618801,
0.3971903284339750,
0.2178012606686930,
-0.4037150022421446,
0.2503770602192967,
-0.3708983538804204,
0.2402746867490951,
-0.3379210744184150,
0.2331245102567014,
-0.3065977518220228,
0.2267191219672368,
-0.2754177483430801,
0.2220865003059452,
-0.2455061191408957,
0.2187506901265532,
-0.2164822274584859,
0.2172567110862537,
-0.1885002727508275,
0.2151736267364291,
-0.1619158931965607,
0.2120511526671189,
-0.1365071299852152,
0.2101191560128099,
-0.1122869183139970,
0.2091939374916180,
-0.0880058086069514,
0.2105886901855006,
-0.0633487492857560,
0.2068455188576198,
-0.0371386257967920,
0.2110074626577073,
-0.0113580474661126,
0.2033143405952550,
0.0134224770851164,
0.2172729088365494,
0.0363201438962812,
0.2033915886371068,
0.0571758079228987,
0.2121192580041494,
0.0812604334033282,
0.2089968948601205,
0.1067417969043779,
0.2104802783081385,
0.1326250066195545,
0.2103514322885813,
0.1600612457326174,
0.2132028569762077,
0.1880179200546945,
0.2127470321027293,
0.2160003946307609,
0.2166209056392999,
0.2447539419516445,
0.2192224003668729,
0.2751771735401722,
0.2223938510993863,
0.3065240627292904,
0.2268691155265949,
0.3379479153144930,
0.2334748044737061,
0.3706703114546334,
0.2404949897887955,
0.4037588495513624,
0.2504746361708166,
-0.4122849108113009,
0.2848834262645224,
-0.3783080472622943,
0.2743831577683179,
-0.3449576901792952,
0.2650680395494569,
-0.3113237361746310,
0.2587520565025584,
-0.2798358802508834,
0.2524704095335598,
-0.2487796519948682,
0.2485998540785090,
-0.2196279534686613,
0.2459228635120507,
-0.1911173006793902,
0.2437445509684946,
-0.1636114511332027,
0.2404427183007626,
-0.1367976672129422,
0.2373821318342493,
-0.1098772419968900,
0.2365162139793530,
-0.0845190703192721,
0.2382957161162529,
-0.0596088537997482,
0.2314169272106759,
-0.0366627942504033,
0.2410854953644746,
-0.0123701228289417,
0.2290732346875632,
0.0125318156440430,
0.2440150396496822,
0.0377830316871927,
0.2350201621873606,
0.0653636757947517,
0.2367078331783536,
0.0900328892241358,
0.2361697922570984,
0.1146703167670576,
0.2388103175586151,
0.1390683437923971,
0.2365720161989702,
0.1644384212838638,
0.2402878665723743,
0.1909473942494130,
0.2425182892129966,
0.2186683469920618,
0.2459946768802500,
0.2483565815320023,
0.2486666199705513,
0.2797768770447255,
0.2524613358955398,
0.3113811060962377,
0.2589565836883517,
0.3443094108792135,
0.2660589738479948,
0.3783689412574630,
0.2741419128020168,
0.4120456626714665,
0.2851945879679205,
-0.4225948904408182,
0.3219441994634952,
-0.3880905447792848,
0.3097885640776742,
-0.3524246305938639,
0.3001599796241187,
-0.3188086908070953,
0.2911911261255025,
-0.2849098707716200,
0.2851202948393509,
-0.2533621831499392,
0.2791821676923941,
-0.2225688600202156,
0.2759317579939216,
-0.1940166402243422,
0.2729676595067156,
-0.1667701992118835,
0.2699119633954166,
-0.1411052247378132,
0.2661993007419576,
-0.1160648521230379,
0.2642118197606373,
-0.0896729798089878,
0.2674415748098123,
-0.0631460493074754,
0.2582207120265703,
-0.0381711438463790,
0.2705372810193967,
-0.0142886571739810,
0.2566308412781392,
0.0081451552921441,
0.2698559198061884,
0.0334863142750304,
0.2682768220504781,
0.0569452911815658,
0.2599395047940655,
0.0843655394793214,
0.2645342913794327,
0.1098386023810679,
0.2662151170470986,
0.1375901136202430,
0.2651752877422751,
0.1651770283287352,
0.2690797208895788,
0.1932046525474706,
0.2724628350345061,
0.2223035808856088,
0.2757968620403385,
0.2532452762631299,
0.2789598341878710,
0.2849753822427472,
0.2849200093116033,
0.3178009279319346,
0.2923408610415837,
0.3528853024114273,
0.3000133268714581,
0.3873727613482175,
0.3103772095390188,
0.4223854163579087,
0.3222147708413448,
-0.4347106589896057,
0.3612139384010609,
-0.3988535526913876,
0.3483334894269186,
-0.3630923639296503,
0.3358119505891599,
-0.3262221432767470,
0.3266297496311025,
-0.2923625395089411,
0.3178250551515172,
-0.2588400058287172,
0.3115487509087824,
-0.2273780114269938,
0.3063237089140877,
-0.1967922802465963,
0.3030731589583958,
-0.1679991507880521,
0.2997852148804416,
-0.1401859050841170,
0.2957167883859353,
-0.1123394367909128,
0.2934379549458393,
-0.0865491793874131,
0.2973533717473760,
-0.0620361592820795,
0.2860595927237271,
-0.0375821855912197,
0.3011496727899375,
-0.0137793208207579,
0.2862660223680498,
0.0126396552850703,
0.2963190802539531,
0.0384798902950737,
0.2997543736337995,
0.0632492945081444,
0.2860798876686328,
0.0900735157249589,
0.2961451445808584,
0.1164668494255954,
0.2924421180955306,
0.1422519482771430,
0.2955606265748582,
0.1689286982991184,
0.2992081732729486,
0.1970942635214349,
0.3029038237480896,
0.2272174606394220,
0.3061735684337096,
0.2587117153082957,
0.3111681838345591,
0.2911666299018089,
0.3187370693937657,
0.3266279959370944,
0.3262163647195319,
0.3618403761708610,
0.3371837793891823,
0.3983614599036263,
0.3483458977200929,
0.4350683314585668,
0.3613920115393193,
-0.4505716283397510,
0.4027540127841067,
-0.4132679771165609,
0.3895083921188848,
-0.3752292229108123,
0.3748413677406723,
-0.3372394568005332,
0.3618171358892837,
-0.3000066343559745,
0.3528911752523528,
-0.2660123578914389,
0.3443015852561419,
-0.2333513124412368,
0.3380992625805280,
-0.2020813072498835,
0.3334679100298327,
-0.1720425480149944,
0.3301222998429776,
-0.1438402099529255,
0.3265681941939198,
-0.1174806223116145,
0.3223527512670325,
-0.0906726298153720,
0.3272669330686846,
-0.0631849510361426,
0.3162641757173826,
-0.0383679284062349,
0.3323002127912938,
-0.0132948979348452,
0.3161155026862726,
0.0123711529244814,
0.3248075352441629,
0.0385083153955402,
0.3319084840971125,
0.0637598823000420,
0.3154396715106648,
0.0900924134268900,
0.3274012079424874,
0.1165546834261529,
0.3211557500196641,
0.1436153936756706,
0.3264300581493165,
0.1719613321239009,
0.3298676997329731,
0.2016800727325153,
0.3336526491458511,
0.2330009441460165,
0.3376983859518615,
0.2650096491458546,
0.3447473090069488,
0.3001432607852045,
0.3523148806183487,
0.3358042286299092,
0.3630544923779208,
0.3748734338947682,
0.3751199149719085,
0.4137254465276170,
0.3886668667787647,
0.4512171268153661,
0.4034447526406389,
-0.4705947922454244,
0.4466431810568885,
-0.4308417034946402,
0.4309716481728526,
-0.3887398321479257,
0.4137014194381607,
-0.3484312056200701,
0.3983072958728362,
-0.3104186941308011,
0.3873468610309634,
-0.2741472020628902,
0.3783756214322869,
-0.2404714374968634,
0.3707497835278102,
-0.2086127992234021,
0.3647530337353929,
-0.1777205207776934,
0.3603081920347345,
-0.1475106741702898,
0.3567625299867426,
-0.1177389207541059,
0.3531754535092675,
-0.0894858611369038,
0.3572215306434645,
-0.0638802774559054,
0.3473024725716540,
-0.0398766293003057,
0.3644604400661332,
-0.0135737587415974,
0.3475590554416582,
0.0137134597643505,
0.3542477886234469,
0.0413441015497554,
0.3642931432087182,
0.0641211641877876,
0.3464933249418227,
0.0898799264582555,
0.3571039770832617,
0.1177897677033471,
0.3526683682462581,
0.1474481528725907,
0.3566052248501621,
0.1774672865989525,
0.3604521471963451,
0.2086396577965877,
0.3647490636944613,
0.2403245750567144,
0.3707389856898469,
0.2744383136800807,
0.3781412692629956,
0.3097064022498858,
0.3880980308796961,
0.3484412787537903,
0.3987847514827593,
0.3895154705792507,
0.4131591393469677,
0.4309399513583481,
0.4308054747384024,
0.4707264228585680,
0.4473175073223617,
-0.4909000469679515,
0.4908432954508667,
-0.4474202515846680,
0.4707980899797515,
-0.4034204060019910,
0.4512224708081018,
-0.3614214373918618,
0.4350392869392159,
-0.3222831364427218,
0.4223780115849062,
-0.2852242804936723,
0.4120361501106891,
-0.2504840034454471,
0.4037754158429225,
-0.2177945921478192,
0.3971536600883057,
-0.1868426439720350,
0.3911198817910460,
-0.1569494322553510,
0.3871638981907916,
-0.1277462528882780,
0.3834936916533969,
-0.0985794286891414,
0.3847116679976406,
-0.0668348307097078,
0.3817358838049402,
-0.0395986473234660,
0.3945420714662587,
-0.0126603187600308,
0.3786207522972093,
0.0172098311765456,
0.3833899944936098,
0.0433516950091999,
0.3949874511669709,
0.0684490636312893,
0.3800894897779740,
0.0992364298125201,
0.3846750255502587,
0.1278840414253506,
0.3834030594203264,
0.1569424594335395,
0.3871899542604907,
0.1868298556253712,
0.3911262713296388,
0.2177390516733924,
0.3972154739706528,
0.2504440935659308,
0.4035975637319958,
0.2848682582698633,
0.4123487421210759,
0.3221108769270916,
0.4225062364134506,
0.3613292247410207,
0.4347367233696053,
0.4027336882962990,
0.4505106012238668,
0.4466074280039226,
0.4705691268280657,
0.4908091846564852,
0.4907944734782042,
0.5928116469293551,
-0.5928116469293551,
0.5928116469293551,
0.5928116469293551,
-0.5928116469293551,
0.5928116469293551,
-0.5928116469293551,
-0.5928116469293551,
0.5691857881030030,
-0.5576858998785063,
0.5576858998785063,
0.5691857881030030,
-0.5691857881030030,
0.5576858998785063,
-0.5576858998785063,
-0.5691857881030030,
0.5512202579385079,
-0.5287118978620129,
0.5287118978620130,
0.5512202579385080,
-0.5512202579385079,
0.5287118978620129,
-0.5287118978620130,
-0.5512202579385080,
0.5365333528918980,
-0.5033128988150127,
0.5033128988150127,
0.5365333528918980,
-0.5365333528918980,
0.5033128988150127,
-0.5033128988150127,
-0.5365333528918980,
0.5240317543469125,
-0.4802830361710461,
0.4802830361710461,
0.5240317543469125,
-0.5240317543469125,
0.4802830361710461,
-0.4802830361710461,
-0.5240317543469125,
0.5131090557221862,
-0.4589386913862144,
0.4589386913862145,
0.5131090557221863,
-0.5131090557221862,
0.4589386913862144,
-0.4589386913862145,
-0.5131090557221863,
0.5033890782461596,
-0.4388444242714197,
0.4388444242714198,
0.5033890782461597,
-0.5033890782461596,
0.4388444242714197,
-0.4388444242714198,
-0.5033890782461597,
0.4946203129584307,
-0.4196992528866224,
0.4196992528866224,
0.4946203129584307,
-0.4946203129584307,
0.4196992528866224,
-0.4196992528866224,
-0.4946203129584307,
0.4866252858507469,
-0.4012814907318033,
0.4012814907318033,
0.4866252858507469,
-0.4866252858507469,
0.4012814907318033,
-0.4012814907318033,
-0.4866252858507469,
0.4792735486397203,
-0.3834188389117762,
0.3834188389117762,
0.4792735486397203,
-0.4792735486397203,
0.3834188389117762,
-0.3834188389117762,
-0.4792735486397203,
0.4724660992503077,
-0.3659706668088045,
0.3659706668088045,
0.4724660992503077,
-0.4724660992503077,
0.3659706668088045,
-0.3659706668088045,
-0.4724660992503077,
0.4661258365408681,
-0.3488166358918645,
0.3488166358918645,
0.4661258365408681,
-0.4661258365408681,
0.3488166358918645,
-0.3488166358918645,
-0.4661258365408681,
0.4601914243338686,
-0.3318487553929140,
0.3318487553929140,
0.4601914243338686,
-0.4601914243338686,
0.3318487553929140,
-0.3318487553929140,
-0.4601914243338686,
0.4546131892667281,
-0.3149652566403597,
0.3149652566403597,
0.4546131892667281,
-0.4546131892667281,
0.3149652566403597,
-0.3149652566403597,
-0.4546131892667281,
0.4493502872689901,
-0.2980652604619305,
0.2980652604619305,
0.4493502872689901,
-0.4493502872689901,
0.2980652604619305,
-0.2980652604619305,
-0.4493502872689901,
0.4443686914585544,
-0.2810434371755284,
0.2810434371755284,
0.4443686914585544,
-0.4443686914585544,
0.2810434371755284,
-0.2810434371755284,
-0.4443686914585544,
0.4396397290356516,
-0.2637838374213909,
0.2637838374213909,
0.4396397290356516,
-0.4396397290356516,
0.2637838374213909,
-0.2637838374213909,
-0.4396397290356516,
0.4351389952575196,
-0.2461517874442344,
0.2461517874442345,
0.4351389952575196,
-0.4351389952575196,
0.2461517874442344,
-0.2461517874442345,
-0.4351389952575196,
0.4308455326405926,
-0.2279820265700339,
0.2279820265700340,
0.4308455326405926,
-0.4308455326405926,
0.2279820265700339,
-0.2279820265700340,
-0.4308455326405926,
0.4267412006518442,
-0.2090596387639341,
0.2090596387639341,
0.4267412006518442,
-0.4267412006518442,
0.2090596387639341,
-0.2090596387639341,
-0.4267412006518442,
0.4228101847651909,
-0.1890864629428426,
0.1890864629428426,
0.4228101847651910,
-0.4228101847651909,
0.1890864629428426,
-0.1890864629428426,
-0.4228101847651910,
0.4190386091760898,
-0.1676154436704359,
0.1676154436704359,
0.4190386091760898,
-0.4190386091760898,
0.1676154436704359,
-0.1676154436704359,
-0.4190386091760898,
0.4154142277667461,
-0.1439037097357988,
0.1439037097357988,
0.4154142277667461,
-0.4154142277667461,
0.1439037097357988,
-0.1439037097357988,
-0.4154142277667461,
0.4119261749375743,
-0.1165103166586379,
0.1165103166586379,
0.4119261749375743,
-0.4119261749375743,
0.1165103166586379,
-0.1165103166586379,
-0.4119261749375743,
0.4085647627993458,
-0.0817129525598692,
0.0817129525598692,
0.4085647627993458,
-0.4085647627993458,
0.0817129525598692,
-0.0817129525598692,
-0.4085647627993458,
0.4053213146669598,
0.0000000000000000,
-0.0000000000000000,
0.4053213146669598,
-0.4053213146669598,
-0.0000000000000000,
0.0000000000000000,
-0.4053213146669598,
0.4085647627993458,
0.0817129525598692,
-0.0817129525598692,
0.4085647627993458,
-0.4085647627993458,
-0.0817129525598692,
0.0817129525598692,
-0.4085647627993458,
0.4119261749375743,
0.1165103166586380,
-0.1165103166586380,
0.4119261749375743,
-0.4119261749375743,
-0.1165103166586380,
0.1165103166586380,
-0.4119261749375743,
0.4154142277667461,
0.1439037097357989,
-0.1439037097357989,
0.4154142277667461,
-0.4154142277667461,
-0.1439037097357989,
0.1439037097357989,
-0.4154142277667461,
0.4190386091760897,
0.1676154436704358,
-0.1676154436704358,
0.4190386091760898,
-0.4190386091760897,
-0.1676154436704358,
0.1676154436704358,
-0.4190386091760898,
0.4228101847651909,
0.1890864629428426,
-0.1890864629428426,
0.4228101847651910,
-0.4228101847651909,
-0.1890864629428426,
0.1890864629428426,
-0.4228101847651910,
0.4267412006518442,
0.2090596387639341,
-0.2090596387639341,
0.4267412006518442,
-0.4267412006518442,
-0.2090596387639341,
0.2090596387639341,
-0.4267412006518442,
0.4308455326405926,
0.2279820265700339,
-0.2279820265700340,
0.4308455326405926,
-0.4308455326405926,
-0.2279820265700339,
0.2279820265700340,
-0.4308455326405926,
0.4351389952575196,
0.2461517874442345,
-0.2461517874442345,
0.4351389952575197,
-0.4351389952575196,
-0.2461517874442345,
0.2461517874442345,
-0.4351389952575197,
0.4396397290356516,
0.2637838374213911,
-0.2637838374213911,
0.4396397290356516,
-0.4396397290356516,
-0.2637838374213911,
0.2637838374213911,
-0.4396397290356516,
0.4443686914585544,
0.2810434371755283,
-0.2810434371755283,
0.4443686914585544,
-0.4443686914585544,
-0.2810434371755283,
0.2810434371755283,
-0.4443686914585544,
0.4493502872689901,
0.2980652604619305,
-0.2980652604619305,
0.4493502872689901,
-0.4493502872689901,
-0.2980652604619305,
0.2980652604619305,
-0.4493502872689901,
0.4546131892667281,
0.3149652566403597,
-0.3149652566403597,
0.4546131892667281,
-0.4546131892667281,
-0.3149652566403597,
0.3149652566403597,
-0.4546131892667281,
0.4601914243338686,
0.3318487553929140,
-0.3318487553929140,
0.4601914243338686,
-0.4601914243338686,
-0.3318487553929140,
0.3318487553929140,
-0.4601914243338686,
0.4661258365408681,
0.3488166358918645,
-0.3488166358918645,
0.4661258365408681,
-0.4661258365408681,
-0.3488166358918645,
0.3488166358918645,
-0.4661258365408681,
0.4724660992503077,
0.3659706668088045,
-0.3659706668088045,
0.4724660992503077,
-0.4724660992503077,
-0.3659706668088045,
0.3659706668088045,
-0.4724660992503077,
0.4792735486397203,
0.3834188389117762,
-0.3834188389117762,
0.4792735486397203,
-0.4792735486397203,
-0.3834188389117762,
0.3834188389117762,
-0.4792735486397203,
0.4866252858507469,
0.4012814907318033,
-0.4012814907318033,
0.4866252858507469,
-0.4866252858507469,
-0.4012814907318033,
0.4012814907318033,
-0.4866252858507469,
0.4946203129584307,
0.4196992528866224,
-0.4196992528866224,
0.4946203129584307,
-0.4946203129584307,
-0.4196992528866224,
0.4196992528866224,
-0.4946203129584307,
0.5033890782461596,
0.4388444242714197,
-0.4388444242714198,
0.5033890782461597,
-0.5033890782461596,
-0.4388444242714197,
0.4388444242714198,
-0.5033890782461597,
0.5131090557221862,
0.4589386913862144,
-0.4589386913862145,
0.5131090557221863,
-0.5131090557221862,
-0.4589386913862144,
0.4589386913862145,
-0.5131090557221863,
0.5240317543469127,
0.4802830361710463,
-0.4802830361710463,
0.5240317543469127,
-0.5240317543469127,
-0.4802830361710463,
0.4802830361710463,
-0.5240317543469127,
0.5365333528918980,
0.5033128988150127,
-0.5033128988150127,
0.5365333528918980,
-0.5365333528918980,
-0.5033128988150127,
0.5033128988150127,
-0.5365333528918980,
0.5512202579385078,
0.5287118978620128,
-0.5287118978620128,
0.5512202579385078,
-0.5512202579385078,
-0.5287118978620128,
0.5287118978620128,
-0.5512202579385078,
0.5691857881030030,
0.5576858998785063,
-0.5576858998785063,
0.5691857881030030,
-0.5691857881030030,
-0.5576858998785063,
0.5576858998785063,
-0.5691857881030030,
]

triangles = [
465, 436, 435,
465, 466, 436,
436, 406, 435,
465, 496, 466,
405, 434, 435,
435, 434, 465,
465, 495, 496,
406, 405, 435,
467, 436, 466,
467, 437, 436,
436, 407, 406,
434, 464, 465,
497, 467, 466,
464, 495, 465,
437, 407, 436,
526, 497, 496,
496, 497, 466,
375, 404, 405,
405, 404, 434,
493, 494, 464,
375, 405, 406,
463, 464, 434,
464, 494, 495,
525, 526, 496,
376, 375, 406,
525, 496, 495,
468, 438, 467,
467, 438, 437,
437, 408, 407,
498, 467, 497,
377, 376, 407,
407, 376, 406,
524, 525, 495,
438, 408, 437,
373, 403, 404,
404, 403, 434,
433, 463, 434,
527, 498, 497,
403, 433, 434,
498, 468, 467,
408, 377, 407,
492, 493, 463,
463, 493, 464,
494, 524, 495,
523, 524, 494,
556, 527, 526,
526, 527, 497,
556, 526, 525,
345, 374, 375,
375, 374, 404,
374, 373, 404,
403, 402, 433,
555, 556, 525,
493, 523, 494,
524, 555, 525,
346, 345, 376,
376, 345, 375,
374, 343, 373,
439, 409, 438,
438, 409, 408,
408, 378, 377,
528, 499, 498,
498, 499, 468,
468, 439, 438,
528, 498, 527,
469, 439, 468,
347, 376, 377,
347, 346, 376,
373, 402, 403,
433, 462, 463,
493, 492, 523,
409, 378, 408,
557, 528, 527,
432, 462, 433,
554, 555, 524,
402, 432, 433,
462, 492, 463,
378, 347, 377,
587, 557, 556,
556, 557, 527,
500, 469, 499,
499, 469, 468,
553, 554, 523,
523, 554, 524,
315, 344, 345,
345, 344, 374,
373, 372, 402,
344, 343, 374,
491, 522, 492,
492, 522, 523,
585, 586, 555,
555, 586, 556,
559, 529, 528,
528, 529, 499,
558, 528, 557,
410, 379, 409,
409, 379, 378,
378, 348, 347,
410, 409, 439,
343, 372, 373,
402, 401, 432,
349, 348, 378,
317, 316, 346,
346, 316, 345,
588, 558, 557,
522, 553, 523,
554, 584, 555,
317, 346, 347,
344, 313, 343,
372, 401, 402,
432, 431, 462,
462, 491, 492,
440, 439, 469,
440, 410, 439,
316, 315, 345,
343, 342, 372,
530, 500, 529,
529, 500, 499,
470, 440, 469,
318, 317, 347,
284, 314, 315,
401, 431, 432,
431, 461, 462,
583, 584, 554,
616, 587, 586,
586, 587, 556,
461, 491, 462,
522, 552, 553,
314, 313, 344,
372, 371, 401,
500, 470, 469,
379, 349, 378,
348, 318, 347,
380, 349, 379,
589, 559, 558,
558, 559, 528,
500, 501, 470,
584, 585, 555,
285, 315, 316,
315, 314, 344,
319, 318, 348,
286, 285, 316,
582, 583, 553,
553, 583, 554,
584, 614, 585,
312, 342, 313,
313, 342, 343,
617, 588, 587,
587, 588, 557,
521, 552, 522,
342, 371, 372,
401, 400, 431,
560, 530, 559,
559, 530, 529,
520, 521, 491,
491, 521, 522,
411, 380, 410,
410, 380, 379,
349, 319, 348,
411, 410, 440,
615, 616, 585,
585, 616, 586,
286, 316, 317,
460, 490, 461,
461, 490, 491,
460, 461, 431,
371, 400, 401,
287, 286, 317,
350, 319, 349,
318, 287, 317,
400, 430, 431,
581, 582, 552,
552, 582, 553,
583, 614, 584,
441, 440, 470,
441, 411, 440,
618, 589, 588,
588, 589, 558,
471, 441, 470,
430, 460, 431,
283, 312, 313,
342, 341, 371,
371, 370, 400,
283, 313, 314,
288, 287, 318,
531, 501, 530,
530, 501, 500,
589, 560, 559,
613, 614, 583,
646, 617, 616,
616, 617, 587,
351, 350, 380,
380, 350, 349,
501, 471, 470,
255, 284, 285,
285, 284, 315,
255, 285, 256,
284, 283, 314,
311, 341, 342,
399, 429, 430,
614, 615, 585,
489, 520, 490,
490, 520, 491,
521, 551, 552,
550, 551, 521,
582, 613, 583,
612, 613, 582,
614, 644, 615,
289, 288, 319,
319, 288, 318,
256, 285, 286,
647, 618, 617,
617, 618, 588,
589, 590, 560,
412, 381, 411,
411, 381, 380,
442, 411, 441,
340, 370, 371,
459, 489, 460,
560, 531, 530,
502, 472, 471,
561, 531, 560,
282, 311, 312,
312, 311, 342,
341, 340, 371,
580, 581, 551,
551, 581, 552,
645, 646, 615,
615, 646, 616,
256, 286, 257,
253, 282, 283,
283, 282, 312,
321, 320, 350,
350, 320, 319,
619, 590, 589,
429, 460, 430,
460, 489, 490,
520, 550, 521,
399, 430, 400,
381, 351, 380,
310, 340, 341,
370, 399, 400,
257, 286, 287,
258, 287, 288,
258, 257, 287,
648, 619, 618,
618, 619, 589,
581, 612, 582,
643, 644, 614,
290, 289, 320,
320, 289, 319,
502, 471, 501,
471, 472, 441,
381, 382, 351,
369, 399, 370,
519, 550, 520,
581, 611, 612,
253, 283, 284,
311, 310, 341,
472, 442, 441,
591, 561, 590,
590, 561, 560,
532, 502, 501,
643, 614, 613,
254, 284, 255,
254, 253, 284,
428, 459, 429,
429, 459, 460,
489, 519, 520,
532, 501, 531,
676, 647, 646,
646, 647, 617,
442, 412, 411,
259, 258, 288,
226, 225, 256,
644, 645, 615,
562, 532, 531,
225, 254, 255,
251, 281, 282,
225, 255, 256,
281, 310, 311,
340, 369, 370,
488, 519, 489,
579, 580, 550,
550, 580, 551,
352, 321, 351,
351, 321, 350,
289, 259, 288,
612, 643, 613,
644, 674, 645,
642, 643, 612,
677, 648, 647,
647, 648, 618,
619, 620, 590,
252, 282, 253,
282, 281, 311,
339, 369, 340,
398, 428, 429,
649, 620, 619,
561, 562, 531,
383, 382, 412,
412, 382, 381,
413, 412, 442,
580, 611, 581,
260, 259, 289,
226, 256, 257,
291, 290, 321,
321, 290, 320,
620, 591, 590,
227, 257, 258,
223, 252, 253,
398, 429, 399,
459, 488, 489,
592, 562, 561,
503, 473, 502,
675, 676, 645,
645, 676, 646,
458, 488, 459,
519, 549, 550,
228, 227, 258,
678, 649, 648,
648, 649, 619,
622, 592, 591,
309, 339, 310,
310, 339, 340,
368, 398, 399,
502, 473, 472,
472, 443, 442,
503, 502, 532,
223, 253, 254,
281, 280, 310,
353, 352, 382,
382, 352, 351,
611, 642, 612,
673, 674, 644,
673, 644, 643,
368, 399, 369,
428, 458, 459,
518, 549, 519,
580, 610, 611,
611, 641, 642,
227, 226, 257,
224, 223, 254,
252, 251, 282,
473, 443, 472,
224, 254, 225,
221, 250, 251,
549, 579, 550,
250, 280, 281,
443, 413, 442,
579, 610, 580,
427, 458, 428,
488, 518, 519,
290, 260, 289,
259, 228, 258,
227, 197, 226,
261, 260, 290,
322, 291, 321,
706, 677, 676,
676, 677, 647,
229, 228, 259,
338, 368, 369,
398, 427, 428,
338, 369, 339,
621, 591, 620,
591, 592, 561,
533, 503, 532,
473, 474, 443,
533, 532, 562,
672, 643, 642,
672, 673, 643,
674, 675, 645,
487, 518, 488,
549, 578, 579,
704, 675, 674,
563, 533, 562,
413, 383, 412,
352, 322, 321,
195, 225, 226,
195, 224, 225,
679, 650, 649,
649, 650, 620,
279, 309, 280,
280, 309, 310,
650, 621, 620,
708, 678, 677,
677, 678, 648,
640, 641, 610,
610, 641, 611,
323, 322, 352,
230, 229, 260,
308, 338, 339,
397, 427, 398,
671, 672, 642,
705, 706, 675,
261, 290, 291,
260, 229, 259,
196, 195, 226,
397, 398, 368,
458, 487, 488,
197, 227, 228,
222, 252, 223,
221, 251, 252,
384, 353, 383,
383, 353, 382,
414, 383, 413,
444, 413, 443,
198, 197, 228,
222, 223, 193,
251, 250, 281,
309, 308, 339,
457, 487, 458,
518, 548, 549,
292, 291, 322,
292, 261, 291,
704, 674, 673,
675, 706, 676,
678, 679, 649,
652, 622, 621,
709, 679, 678,
504, 474, 503,
503, 474, 473,
193, 223, 224,
592, 563, 562,
533, 534, 503,
593, 563, 592,
622, 591, 621,
651, 621, 650,
517, 548, 518,
579, 609, 610,
578, 609, 579,
641, 671, 642,
703, 704, 673,
222, 221, 252,
548, 578, 549,
278, 308, 309,
367, 397, 368,
250, 279, 280,
249, 279, 250,
670, 640, 669,
609, 640, 610,
672, 703, 673,
670, 671, 641,
367, 368, 338,
427, 457, 458,
354, 323, 353,
353, 323, 352,
680, 651, 650,
261, 230, 260,
229, 198, 228,
231, 230, 261,
197, 196, 226,
194, 193, 224,
167, 196, 197,
194, 224, 195,
191, 220, 221,
293, 292, 322,
564, 534, 563,
563, 534, 533,
426, 457, 427,
487, 517, 518,
475, 444, 474,
474, 444, 443,
199, 198, 229,
736, 707, 706,
706, 707, 677,
679, 680, 650,
444, 414, 413,
337, 367, 338,
397, 426, 427,
486, 517, 487,
577, 608, 578,
707, 708, 677,
710, 680, 679,
623, 593, 622,
622, 593, 592,
652, 621, 651,
734, 705, 704,
704, 705, 675,
414, 384, 383,
165, 194, 195,
535, 504, 534,
534, 504, 503,
702, 703, 672,
279, 278, 309,
308, 337, 338,
248, 278, 279,
640, 670, 641,
671, 702, 672,
639, 640, 609,
230, 199, 229,
166, 165, 196,
196, 165, 195,
200, 199, 230,
191, 221, 222,
221, 220, 250,
192, 222, 193,
682, 652, 651,
307, 337, 308,
396, 426, 397,
701, 702, 671,
263, 262, 292,
292, 262, 261,
293, 322, 323,
220, 249, 250,
577, 578, 548,
578, 608, 609,
366, 397, 367,
457, 486, 487,
738, 709, 708,
708, 709, 678,
680, 681, 651,
737, 708, 707,
262, 231, 261,
163, 192, 193,
324, 293, 323,
594, 563, 593,
594, 564, 563,
516, 547, 517,
517, 547, 548,
608, 639, 609,
167, 197, 198,
194, 163, 193,
168, 167, 198,
652, 623, 622,
456, 486, 457,
385, 354, 384,
384, 354, 353,
385, 384, 414,
385, 414, 415,
192, 191, 222,
218, 248, 249,
576, 577, 547,
547, 577, 548,
668, 669, 639,
505, 475, 504,
504, 475, 474,
733, 734, 703,
703, 734, 704,
705, 736, 706,
711, 681, 680,
652, 653, 623,
336, 367, 337,
336, 366, 367,
426, 456, 457,
201, 200, 231,
231, 200, 230,
199, 168, 198,
735, 736, 705,
277, 307, 278,
278, 307, 308,
739, 710, 709,
709, 710, 679,
325, 324, 354,
354, 324, 323,
293, 263, 292,
262, 232, 231,
219, 249, 220,
249, 248, 279,
624, 594, 593,
564, 535, 534,
624, 593, 623,
670, 701, 671,
702, 732, 703,
700, 701, 670,
565, 535, 564,
638, 639, 608,
639, 669, 640,
736, 737, 707,
365, 396, 366,
366, 396, 397,
425, 456, 426,
486, 516, 517,
445, 444, 475,
415, 414, 444,
167, 166, 196,
164, 163, 194,
192, 162, 191,
137, 166, 167,
169, 168, 199,
164, 194, 165,
476, 445, 475,
485, 516, 486,
607, 638, 608,
294, 263, 293,
734, 735, 705,
736, 767, 737,
764, 735, 734,
445, 415, 444,
190, 220, 191,
190, 219, 220,
739, 738, 769,
737, 738, 708,
607, 608, 577,
135, 164, 165,
306, 337, 307,
306, 336, 337,
161, 190, 191,
731, 732, 701,
701, 732, 702,
263, 232, 262,
200, 169, 199,
712, 682, 681,
681, 682, 651,
711, 680, 710,
576, 607, 577,
682, 653, 652,
247, 277, 248,
248, 277, 278,
732, 733, 703,
132, 162, 163,
163, 162, 192,
536, 505, 535,
535, 505, 504,
445, 446, 415,
565, 564, 594,
232, 201, 231,
170, 169, 200,
136, 135, 166,
699, 700, 669,
669, 700, 670,
653, 624, 623,
545, 546, 516,
516, 546, 547,
324, 294, 293,
263, 233, 232,
325, 294, 324,
355, 354, 385,
740, 711, 710,
682, 683, 653,
395, 425, 396,
396, 425, 426,
456, 485, 486,
595, 565, 594,
768, 738, 737,
738, 739, 709,
386, 385, 415,
386, 355, 385,
137, 167, 168,
166, 135, 165,
133, 132, 163,
138, 137, 168,
276, 306, 307,
336, 365, 366,
188, 218, 219,
219, 218, 249,
277, 276, 307,
189, 219, 190,
575, 576, 546,
546, 576, 547,
667, 668, 638,
132, 161, 162,
162, 161, 191,
455, 485, 456,
637, 638, 607,
638, 668, 639,
762, 733, 732,
763, 764, 733,
733, 764, 734,
766, 767, 736,
171, 170, 201,
201, 170, 200,
169, 138, 168,
202, 201, 232,
335, 365, 336,
484, 515, 485,
355, 325, 354,
506, 476, 505,
505, 476, 475,
355, 356, 325,
766, 736, 735,
730, 701, 700,
730, 731, 701,
218, 247, 248,
739, 740, 710,
711, 712, 681,
770, 740, 739,
160, 189, 190,
218, 217, 247,
668, 699, 669,
606, 637, 607,
668, 698, 699,
624, 595, 594,
565, 536, 535,
625, 595, 624,
654, 624, 653,
264, 263, 294,
264, 233, 263,
455, 456, 425,
485, 515, 516,
576, 606, 607,
566, 536, 565,
364, 395, 365,
365, 395, 396,
233, 202, 232,
741, 712, 711,
246, 276, 277,
306, 335, 336,
416, 386, 415,
712, 683, 682,
295, 294, 325,
295, 264, 294,
765, 766, 735,
767, 768, 737,
424, 455, 425,
139, 169, 170,
139, 138, 169,
137, 136, 166,
107, 136, 137,
133, 163, 164,
134, 164, 135,
161, 160, 190,
683, 654, 653,
764, 765, 735,
794, 765, 764,
477, 446, 476,
476, 446, 445,
797, 768, 767,
740, 741, 711,
131, 160, 161,
189, 188, 219,
605, 606, 576,
637, 667, 638,
729, 730, 700,
731, 762, 732,
729, 700, 699,
105, 134, 135,
761, 762, 731,
134, 133, 164,
514, 545, 515,
515, 545, 516,
172, 171, 202,
202, 171, 201,
203, 202, 233,
305, 335, 306,
446, 416, 415,
326, 295, 325,
356, 355, 386,
234, 203, 233,
140, 139, 170,
106, 105, 136,
655, 625, 654,
654, 625, 624,
595, 566, 565,
794, 763, 793,
762, 763, 733,
770, 741, 740,
712, 713, 683,
683, 684, 654,
159, 188, 189,
247, 246, 277,
537, 506, 536,
536, 506, 505,
446, 447, 416,
798, 769, 768,
768, 769, 738,
797, 767, 766,
636, 667, 637,
188, 217, 218,
276, 305, 306,
394, 424, 395,
395, 424, 425,
455, 484, 485,
544, 575, 545,
545, 575, 546,
606, 636, 637,
667, 698, 668,
730, 761, 731,
596, 566, 595,
217, 246, 247,
275, 305, 276,
335, 364, 365,
107, 137, 138,
136, 105, 135,
103, 102, 133,
108, 107, 138,
132, 131, 161,
160, 159, 189,
102, 131, 132,
102, 132, 133,
387, 356, 386,
130, 159, 160,
188, 187, 217,
334, 364, 335,
234, 264, 265,
234, 233, 264,
171, 140, 170,
141, 140, 171,
139, 108, 138,
698, 729, 699,
605, 636, 606,
667, 697, 698,
759, 760, 729,
769, 770, 739,
795, 766, 765,
796, 797, 766,
769, 799, 770,
742, 712, 741,
742, 713, 712,
792, 763, 762,
763, 794, 764,
265, 264, 295,
356, 326, 325,
454, 455, 424,
454, 484, 455,
713, 684, 683,
625, 596, 595,
484, 514, 515,
575, 605, 576,
760, 761, 730,
507, 477, 506,
506, 477, 476,
416, 387, 386,
203, 172, 202,
173, 172, 203,
626, 596, 625,
566, 537, 536,
296, 265, 295,
771, 742, 741,
713, 714, 684,
574, 605, 575,
246, 275, 276,
304, 334, 335,
245, 275, 246,
216, 246, 217,
685, 655, 684,
684, 655, 654,
131, 130, 160,
158, 187, 188,
101, 130, 131,
423, 454, 424,
513, 544, 514,
103, 133, 134,
824, 795, 794,
794, 795, 765,
417, 387, 416,
327, 296, 326,
326, 296, 295,
567, 537, 566,
363, 394, 364,
364, 394, 395,
791, 792, 761,
761, 792, 762,
478, 447, 477,
477, 447, 446,
109, 139, 140,
109, 108, 139,
107, 106, 136,
105, 104, 134,
728, 729, 698,
729, 760, 730,
75, 104, 105,
77, 106, 107,
795, 796, 766,
797, 798, 768,
158, 188, 159,
304, 335, 305,
142, 141, 172,
172, 141, 171,
204, 203, 234,
187, 216, 217,
274, 304, 305,
666, 667, 636,
666, 697, 667,
129, 158, 159,
513, 514, 484,
514, 544, 545,
827, 798, 797,
770, 771, 741,
635, 636, 605,
635, 666, 636,
800, 771, 770,
743, 714, 713,
74, 103, 104,
104, 103, 134,
100, 129, 130,
655, 626, 625,
596, 567, 566,
656, 626, 655,
327, 326, 356,
235, 204, 234,
697, 728, 698,
110, 109, 140,
76, 75, 106,
798, 799, 769,
822, 793, 792,
792, 793, 763,
826, 827, 796,
448, 417, 447,
447, 417, 416,
387, 357, 356,
274, 305, 275,
393, 423, 394,
235, 234, 265,
544, 574, 575,
215, 245, 216,
216, 245, 246,
186, 216, 187,
538, 507, 537,
537, 507, 506,
604, 635, 605,
666, 696, 697,
363, 364, 334,
394, 423, 424,
483, 513, 484,
544, 573, 574,
101, 131, 102,
130, 129, 159,
157, 186, 187,
743, 713, 742,
204, 173, 203,
141, 110, 140,
266, 235, 265,
204, 174, 173,
772, 743, 742,
772, 742, 771,
597, 567, 596,
728, 759, 729,
790, 791, 761,
758, 759, 728,
727, 728, 697,
715, 685, 714,
714, 685, 684,
626, 597, 596,
77, 107, 108,
106, 75, 105,
333, 363, 334,
72, 102, 103,
72, 101, 102,
388, 357, 387,
296, 266, 265,
111, 110, 141,
78, 77, 108,
78, 108, 109,
483, 484, 454,
357, 327, 356,
790, 761, 760,
825, 796, 795,
796, 827, 797,
798, 829, 799,
824, 794, 793,
829, 800, 799,
799, 800, 770,
143, 142, 173,
173, 142, 172,
823, 824, 793,
245, 274, 275,
304, 333, 334,
801, 772, 771,
743, 744, 714,
627, 597, 626,
508, 478, 507,
297, 266, 296,
112, 111, 142,
573, 604, 574,
574, 604, 605,
665, 696, 666,
157, 187, 158,
245, 244, 274,
686, 656, 685,
685, 656, 655,
101, 100, 130,
128, 157, 158,
70, 100, 101,
422, 453, 423,
423, 453, 454,
513, 543, 544,
538, 537, 567,
507, 478, 477,
417, 388, 387,
128, 158, 129,
453, 483, 454,
759, 790, 760,
791, 822, 792,
665, 666, 635,
759, 789, 790,
854, 825, 824,
824, 825, 795,
73, 72, 103,
696, 727, 697,
45, 74, 75,
75, 74, 104,
418, 388, 417,
328, 297, 327,
327, 297, 296,
185, 215, 186,
186, 215, 216,
362, 393, 363,
363, 393, 394,
634, 665, 635,
99, 128, 129,
214, 244, 215,
821, 822, 791,
568, 538, 567,
418, 448, 449,
478, 448, 447,
303, 304, 274,
303, 333, 304,
174, 204, 205,
142, 111, 141,
79, 78, 109,
79, 109, 110,
77, 76, 106,
47, 76, 77,
726, 727, 696,
757, 758, 727,
727, 758, 728,
852, 823, 822,
800, 801, 771,
773, 744, 743,
830, 801, 800,
828, 798, 827,
855, 826, 825,
825, 826, 796,
328, 327, 357,
205, 204, 235,
205, 235, 236,
512, 483, 482,
512, 513, 483,
512, 543, 513,
604, 634, 635,
236, 235, 266,
656, 627, 626,
597, 568, 567,
657, 627, 656,
857, 828, 827,
80, 79, 110,
46, 45, 76,
828, 829, 798,
773, 743, 772,
744, 715, 714,
156, 186, 157,
215, 244, 245,
44, 73, 74,
74, 73, 103,
70, 99, 100,
100, 99, 129,
543, 573, 544,
603, 634, 604,
695, 726, 696,
273, 303, 274,
392, 422, 393,
144, 143, 174,
174, 143, 173,
111, 80, 110,
71, 101, 72,
127, 156, 157,
821, 791, 820,
822, 823, 793,
758, 789, 759,
802, 773, 772,
744, 745, 715,
267, 236, 266,
205, 175, 174,
362, 363, 333,
393, 422, 423,
543, 572, 573,
716, 686, 715,
715, 686, 685,
479, 448, 478,
448, 418, 417,
388, 358, 357,
539, 508, 538,
538, 508, 507,
389, 358, 388,
297, 267, 266,
598, 597, 627,
598, 568, 597,
127, 157, 128,
452, 483, 453,
42, 71, 72,
332, 362, 333,
81, 80, 111,
48, 47, 78,
156, 185, 186,
244, 273, 274,
47, 77, 78,
76, 45, 75,
73, 42, 72,
695, 696, 665,
758, 788, 789,
113, 112, 143,
143, 112, 142,
358, 328, 357,
820, 790, 789,
820, 791, 790,
664, 665, 634,
664, 695, 665,
48, 78, 49,
859, 830, 829,
829, 830, 800,
801, 802, 772,
859, 829, 828,
98, 127, 128,
156, 155, 185,
98, 128, 99,
71, 70, 101,
243, 273, 244,
303, 332, 333,
831, 802, 801,
774, 745, 744,
856, 857, 826,
826, 857, 827,
854, 824, 823,
298, 267, 297,
206, 175, 205,
756, 757, 726,
726, 757, 727,
853, 854, 823,
421, 452, 422,
422, 452, 453,
572, 603, 573,
573, 603, 604,
628, 598, 627,
509, 479, 508,
687, 657, 686,
686, 657, 656,
819, 820, 789,
821, 852, 822,
184, 214, 185,
185, 214, 215,
633, 664, 634,
695, 725, 726,
539, 538, 568,
508, 479, 478,
418, 389, 388,
358, 359, 328,
884, 855, 854,
854, 855, 825,
69, 98, 99,
213, 243, 214,
15, 44, 45,
45, 44, 74,
40, 69, 70,
43, 42, 73,
70, 69, 99,
757, 788, 758,
819, 788, 818,
206, 205, 236,
451, 482, 452,
452, 482, 483,
512, 542, 543,
479, 449, 448,
361, 392, 362,
362, 392, 393,
851, 821, 850,
851, 852, 821,
774, 744, 773,
175, 144, 174,
112, 81, 111,
82, 81, 112,
49, 78, 79,
237, 206, 236,
175, 145, 144,
803, 774, 773,
803, 773, 802,
49, 79, 80,
47, 46, 76,
302, 303, 273,
302, 332, 303,
419, 389, 418,
328, 298, 297,
267, 237, 236,
860, 831, 830,
830, 831, 801,
745, 716, 715,
569, 568, 598,
746, 716, 745,
329, 298, 328,
511, 542, 512,
603, 633, 634,
628, 627, 657,
569, 539, 568,
479, 1000, 449,
17, 46, 47,
44, 43, 73,
658, 628, 657,
887, 858, 857,
857, 858, 828,
50, 49, 80,
16, 15, 46,
155, 156, 126,
214, 243, 244,
542, 572, 543,
885, 856, 855,
855, 856, 826,
858, 859, 828,
602, 633, 603,
694, 725, 695,
40, 70, 71,
126, 156, 127,
144, 113, 143,
114, 113, 144,
272, 302, 273,
391, 421, 392,
832, 803, 802,
774, 775, 745,
268, 237, 267,
176, 145, 175,
787, 788, 757,
788, 819, 789,
126, 127, 97,
97, 127, 98,
14, 43, 44,
42, 41, 71,
717, 687, 716,
716, 687, 686,
694, 695, 664,
882, 853, 852,
852, 853, 823,
725, 756, 726,
1004, 509, 539,
539, 509, 508,
449, 419, 418,
361, 362, 332,
392, 421, 422,
482, 511, 512,
213, 184, 183,
155, 184, 185,
243, 272, 273,
1000, 419, 449,
389, 359, 358,
996, 359, 389,
298, 268, 267,
599, 598, 628,
599, 569, 598,
12, 41, 42,
663, 694, 664,
725, 755, 756,
68, 97, 98,
154, 184, 155,
68, 98, 69,
850, 821, 820,
81, 50, 80,
18, 17, 48,
51, 50, 81,
818, 787, 817,
756, 787, 757,
819, 850, 820,
481, 511, 482,
571, 602, 572,
572, 602, 603,
83, 82, 113,
113, 82, 112,
331, 361, 332,
17, 47, 48,
46, 15, 45,
43, 12, 42,
889, 860, 859,
859, 860, 830,
831, 832, 802,
888, 859, 858,
11, 40, 41,
41, 40, 71,
861, 832, 831,
688, 658, 687,
242, 272, 243,
301, 331, 332,
299, 268, 298,
176, 175, 206,
420, 451, 421,
421, 451, 452,
571, 572, 542,
633, 663, 664,
359, 329, 328,
992, 329, 359,
775, 774, 804,
687, 658, 657,
1004, 1000, 509,
509, 1000, 479,
419, 996, 389,
125, 155, 126,
184, 213, 214,
883, 884, 853,
853, 884, 854,
856, 887, 857,
849, 850, 819,
851, 882, 852,
629, 599, 628,
569, 1004, 539,
632, 663, 633,
724, 755, 725,
18, 48, 49,
39, 68, 69,
96, 125, 126,
886, 887, 856,
884, 885, 855,
1003, 14, 15,
15, 14, 44,
176, 206, 207,
786, 787, 756,
787, 818, 788,
207, 206, 237,
804, 774, 803,
775, 746, 745,
115, 114, 145,
145, 114, 144,
82, 51, 81,
238, 237, 268,
238, 207, 237,
176, 146, 145,
13, 12, 43,
40, 39, 69,
833, 804, 803,
688, 689, 659,
833, 803, 832,
52, 51, 82,
19, 18, 49,
19, 49, 50,
17, 16, 46,
360, 391, 361,
361, 391, 392,
451, 481, 482,
450, 481, 451,
511, 541, 542,
717, 718, 688,
746, 717, 716,
658, 629, 628,
301, 302, 272,
301, 332, 302,
510, 541, 511,
602, 632, 633,
1000, 996, 419,
329, 299, 298,
890, 861, 860,
860, 861, 831,
1008, 569, 599,
1008, 1004, 569,
96, 126, 97,
997, 888, 887,
887, 888, 858,
212, 242, 213,
213, 242, 243,
881, 851, 850,
881, 882, 851,
1001, 886, 885,
1007, 16, 17,
14, 13, 43,
125, 154, 155,
601, 632, 602,
724, 725, 694,
988, 299, 329,
724, 694, 693,
10, 39, 40,
67, 96, 97,
541, 571, 542,
659, 629, 658,
67, 97, 68,
153, 183, 154,
271, 301, 272,
390, 420, 391,
20, 19, 50,
18, 1007, 17,
114, 83, 113,
51, 20, 50,
52, 83, 53,
693, 694, 663,
1001, 885, 884,
885, 886, 856,
848, 849, 818,
818, 849, 819,
785, 786, 755,
755, 786, 756,
862, 833, 832,
805, 776, 775,
890, 889, 989,
888, 889, 859,
861, 862, 832,
269, 238, 268,
177, 146, 176,
1003, 13, 14,
12, 11, 41,
717, 746, 747,
717, 688, 687,
124, 154, 125,
154, 183, 184,
242, 271, 272,
1005, 883, 882,
882, 883, 853,
662, 693, 663,
724, 754, 755,
38, 67, 68,
182, 212, 183,
999, 11, 12,
39, 38, 68,
360, 361, 331,
391, 420, 421,
481, 510, 511,
570, 601, 571,
996, 992, 359,
299, 269, 268,
786, 817, 787,
816, 817, 786,
1012, 1008, 599,
1012, 599, 629,
1007, 1003, 16,
16, 1003, 15,
995, 10, 11,
880, 850, 849,
880, 881, 850,
883, 1001, 884,
993, 889, 888,
1005, 1001, 883,
84, 83, 114,
83, 52, 82,
21, 20, 51,
1011, 1007, 18,
241, 271, 242,
330, 360, 331,
1002, 450, 420,
420, 450, 451,
571, 601, 602,
632, 662, 663,
540, 571, 541,
891, 862, 861,
805, 775, 804,
997, 887, 886,
889, 890, 860,
124, 125, 95,
183, 212, 213,
480, 510, 481,
984, 269, 299,
177, 176, 207,
999, 12, 13,
11, 10, 40,
1011, 18, 19,
330, 331, 301,
631, 662, 632,
723, 754, 724,
776, 746, 775,
688, 659, 658,
9, 38, 39,
95, 125, 96,
177, 207, 208,
1001, 997, 886,
879, 880, 849,
881, 1005, 882,
847, 848, 817,
817, 848, 818,
146, 115, 145,
805, 804, 834,
208, 207, 238,
992, 988, 329,
834, 804, 833,
776, 747, 746,
1016, 1012, 629,
53, 23, 22,
115, 84, 114,
1015, 19, 20,
95, 96, 66,
66, 96, 67,
300, 330, 301,
360, 390, 391,
300, 301, 271,
239, 208, 238,
147, 116, 146,
53, 84, 54,
239, 238, 269,
1006, 390, 360,
998, 540, 510,
21, 51, 52,
1015, 1011, 19,
1003, 999, 13,
10, 9, 39,
863, 833, 862,
863, 834, 833,
718, 747, 748,
689, 718, 719,
480, 481, 450,
510, 540, 541,
601, 631, 632,
723, 724, 693,
1002, 480, 450,
754, 785, 755,
747, 776, 777,
747, 718, 717,
659, 1016, 629,
22, 21, 52,
124, 153, 154,
212, 241, 242,
182, 181, 211,
997, 993, 888,
890, 891, 861,
1009, 881, 880,
1009, 1005, 881,
211, 241, 212,
37, 66, 67,
182, 153, 152,
37, 67, 38,
600, 631, 601,
692, 723, 693,
985, 891, 890,
692, 693, 662,
847, 877, 878,
816, 846, 847,
785, 816, 786,
848, 879, 849,
991, 9, 10,
270, 300, 271,
330, 1006, 360,
540, 570, 571,
994, 570, 540,
84, 115, 85,
84, 53, 83,
988, 984, 299,
878, 879, 848,
1020, 1016, 659,
390, 1002, 420,
480, 998, 510,
1006, 1002, 390,
892, 863, 862,
835, 806, 805,
153, 124, 123,
153, 182, 183,
241, 270, 271,
980, 239, 269,
147, 146, 177,
1019, 20, 21,
1019, 1015, 20,
661, 692, 662,
753, 784, 754,
661, 662, 631,
8, 37, 38,
65, 94, 95,
806, 776, 805,
718, 689, 688,
993, 989, 889,
891, 892, 862,
816, 847, 817,
816, 785, 815,
999, 995, 11,
9, 8, 38,
1013, 1009, 880,
1013, 880, 879,
240, 270, 241,
1010, 1006, 330,
984, 980, 269,
1010, 330, 300,
116, 115, 146,
53, 22, 52,
1002, 998, 480,
570, 600, 601,
182, 211, 212,
94, 124, 95,
990, 600, 570,
689, 1020, 659,
1023, 1019, 21,
630, 661, 631,
753, 754, 723,
981, 892, 891,
835, 805, 834,
987, 8, 9,
65, 95, 66,
177, 208, 178,
147, 177, 178,
989, 985, 890,
178, 208, 209,
835, 834, 864,
689, 1024, 1020,
806, 777, 776,
784, 785, 754,
847, 878, 848,
1035, 1031, 23,
116, 85, 115,
209, 208, 239,
995, 991, 10,
65, 66, 36,
864, 834, 863,
777, 748, 747,
1017, 1013, 879,
36, 66, 37,
152, 151, 181,
94, 123, 124,
753, 723, 722,
722, 723, 692,
784, 815, 785,
1014, 1010, 300,
1014, 300, 270,
998, 994, 540,
600, 630, 631,
85, 54, 84,
22, 1023, 21,
54, 24, 23,
1027, 1023, 22,
980, 976, 239,
1028, 1024, 689,
972, 209, 239,
148, 117, 147,
54, 85, 55,
123, 152, 153,
211, 240, 241,
893, 863, 892,
893, 864, 863,
836, 807, 806,
7, 36, 37,
65, 64, 94,
210, 181, 180,
7, 37, 8,
985, 981, 891,
1028, 719, 1032,
748, 719, 718,
719, 748, 749,
748, 777, 778,
210, 240, 211,
691, 722, 692,
846, 815, 845,
877, 846, 876,
691, 692, 661,
986, 630, 600,
815, 784, 814,
815, 846, 816,
878, 1017, 879,
991, 987, 9,
85, 116, 86,
54, 23, 53,
93, 123, 94,
152, 181, 182,
1021, 1017, 878,
1018, 270, 240,
1018, 1014, 270,
994, 990, 570,
660, 691, 661,
752, 783, 753,
660, 661, 630,
973, 893, 892,
836, 806, 835,
1031, 1027, 22,
983, 7, 8,
35, 64, 65,
976, 972, 239,
148, 147, 178,
981, 977, 892,
846, 877, 847,
783, 784, 753,
807, 777, 806,
719, 1028, 689,
987, 983, 8,
1022, 1018, 240,
181, 210, 211,
122, 152, 123,
990, 986, 600,
877, 1021, 878,
982, 660, 630,
752, 753, 722,
23, 1031, 22,
117, 116, 147,
148, 178, 179,
179, 178, 209,
117, 86, 116,
977, 973, 892,
836, 835, 865,
835, 864, 865,
972, 968, 209,
807, 778, 777,
35, 36, 6,
35, 65, 36,
64, 93, 94,
865, 864, 894,
1036, 1032, 719,
752, 722, 721,
877, 1025, 1021,
783, 814, 784,
86, 55, 85,
964, 179, 209,
148, 118, 117,
6, 36, 7,
64, 63, 93,
93, 122, 123,
1036, 749, 1040,
778, 749, 748,
894, 864, 893,
721, 722, 691,
814, 845, 815,
210, 1022, 240,
1026, 1022, 210,
983, 979, 7,
986, 982, 630,
690, 721, 691,
55, 24, 54,
1039, 24, 1043,
122, 151, 152,
1039, 1035, 23,
975, 6, 7,
34, 63, 64,
121, 151, 122,
1029, 1025, 877,
690, 691, 660,
782, 813, 783,
965, 894, 893,
837, 807, 836,
973, 969, 893,
845, 876, 846,
1029, 876, 1033,
876, 845, 875,
845, 814, 844,
968, 964, 209,
149, 118, 148,
56, 55, 86,
1043, 24, 1047,
749, 1036, 719,
1040, 749, 1044,
749, 778, 779,
778, 807, 808,
180, 151, 150,
1030, 180, 1034,
151, 180, 181,
974, 690, 660,
782, 783, 752,
1030, 1026, 210,
982, 978, 660,
979, 975, 7,
34, 64, 35,
24, 1039, 23,
87, 86, 117,
813, 814, 783,
876, 1029, 877,
969, 965, 893,
837, 836, 866,
964, 960, 179,
808, 807, 837,
180, 1030, 210,
92, 122, 93,
978, 974, 660,
782, 752, 751,
149, 148, 179,
34, 35, 5,
5, 35, 6,
956, 149, 179,
975, 971, 6,
866, 865, 895,
25, 24, 55,
63, 92, 93,
88, 87, 118,
118, 87, 117,
752, 721, 751,
808, 779, 778,
87, 56, 86,
813, 844, 814,
1037, 1033, 876,
751, 721, 720,
965, 961, 894,
866, 836, 865,
1048, 1044, 779,
34, 33, 63,
967, 5, 6,
895, 865, 894,
92, 121, 122,
1047, 25, 1051,
56, 25, 55,
1037, 875, 1041,
844, 875, 845,
720, 721, 690,
957, 895, 894,
809, 808, 838,
960, 956, 179,
149, 119, 118,
779, 1044, 749,
1048, 779, 1052,
1038, 150, 1042,
121, 150, 151,
1038, 1034, 180,
974, 970, 690,
966, 720, 690,
812, 813, 782,
971, 967, 6,
4, 33, 34,
63, 62, 92,
1042, 150, 1046,
25, 1047, 24,
1051, 25, 1055,
875, 1037, 876,
1041, 875, 1045,
875, 844, 874,
844, 813, 843,
961, 957, 894,
895, 896, 866,
956, 952, 149,
26, 25, 56,
91, 121, 92,
150, 1038, 180,
809, 779, 808,
808, 837, 838,
970, 966, 690,
812, 782, 781,
967, 963, 5,
26, 56, 57,
843, 813, 812,
957, 953, 895,
4, 34, 5,
959, 4, 5,
120, 150, 121,
948, 119, 149,
781, 751, 750,
952, 948, 149,
32, 62, 33,
33, 62, 63,
966, 962, 720,
62, 91, 92,
843, 874, 844,
838, 837, 867,
809, 1052, 779,
57, 56, 87,
781, 782, 751,
1049, 1045, 874,
750, 751, 720,
119, 88, 118,
89, 88, 119,
1046, 120, 1050,
91, 120, 121,
88, 57, 87,
867, 837, 866,
809, 1056, 1052,
949, 896, 895,
958, 750, 720,
873, 843, 842,
896, 867, 866,
4, 3, 33,
963, 959, 5,
26, 1055, 25,
1059, 1055, 26,
1049, 874, 1053,
874, 1045, 875,
953, 949, 895,
896, 897, 867,
1050, 120, 1054,
120, 1046, 150,
962, 958, 720,
750, 780, 781,
948, 944, 119,
88, 58, 57,
1060, 1056, 809,
1060, 809, 839,
959, 955, 4,
90, 120, 91,
1063, 1059, 26,
1063, 26, 27,
873, 874, 843,
843, 812, 842,
949, 945, 896,
839, 809, 838,
90, 91, 61,
958, 954, 750,
944, 940, 119,
839, 838, 868,
951, 3, 4,
955, 951, 4,
27, 26, 57,
811, 812, 781,
873, 1053, 874,
61, 91, 62,
2, 32, 3,
3, 32, 33,
945, 941, 896,
950, 780, 750,
32, 61, 62,
873, 1057, 1053,
811, 842, 812,
940, 89, 119,
1058, 1054, 90,
90, 1054, 120,
780, 811, 781,
58, 27, 57,
868, 838, 867,
954, 950, 750,
780, 810, 811,
941, 897, 896,
89, 58, 88,
897, 868, 867,
940, 936, 89,
89, 59, 58,
839, 1064, 1060,
1068, 1064, 839,
951, 947, 3,
32, 31, 61,
27, 1067, 1063,
1071, 1067, 27,
1071, 27, 1075,
1061, 873, 872,
1061, 1057, 873,
897, 898, 868,
1072, 1068, 839,
941, 937, 897,
1062, 1058, 90,
1062, 90, 60,
950, 946, 780,
872, 873, 842,
936, 932, 89,
947, 943, 3,
1072, 839, 869,
872, 842, 841,
28, 27, 58,
937, 933, 897,
60, 90, 61,
946, 942, 780,
943, 2, 3,
841, 842, 811,
31, 60, 61,
942, 810, 780,
2, 31, 32,
810, 841, 811,
943, 939, 2,
2, 1, 31,
932, 928, 89,
1069, 1065, 872,
872, 1065, 1061,
928, 59, 89,
869, 839, 868,
59, 28, 58,
28, 1075, 27,
1070, 1066, 60,
60, 1066, 1062,
1070, 60, 1074,
898, 869, 868,
929, 898, 897,
942, 938, 810,
810, 840, 841,
1073, 1069, 872,
933, 929, 897,
939, 935, 2,
1073, 872, 871,
28, 1079, 1075,
1083, 1079, 28,
928, 924, 59,
30, 60, 31,
869, 1076, 1072,
1080, 1076, 869,
1080, 869, 899,
938, 934, 810,
1083, 28, 29,
929, 925, 898,
935, 931, 2,
931, 1, 2,
871, 872, 841,
1, 30, 31,
30, 1074, 60,
840, 871, 841,
930, 840, 810,
934, 930, 810,
924, 920, 59,
899, 869, 898,
29, 28, 59,
925, 921, 898,
920, 29, 59,
921, 899, 898,
1, 0, 30,
30, 1078, 1074,
931, 927, 1,
871, 1077, 1073,
1081, 1077, 871,
1081, 871, 870,
1082, 1078, 30,
930, 926, 840,
29, 1087, 1083,
920, 916, 29,
1091, 1087, 29,
899, 1084, 1080,
1088, 1084, 899,
921, 917, 899,
927, 923, 1,
870, 871, 840,
0, 1082, 30,
926, 922, 840,
923, 0, 1,
922, 870, 840,
916, 912, 29,
912, 1091, 29,
913, 1088, 899,
917, 913, 899,
923, 919, 0,
0, 1086, 1082,
1090, 1086, 0,
870, 1085, 1081,
1089, 1085, 870,
922, 918, 870,
912, 1095, 1091,
908, 1095, 912,
913, 1092, 1088,
913, 909, 1092,
919, 915, 0,
915, 1090, 0,
914, 1089, 870,
918, 914, 870,
908, 1099, 1095,
904, 1099, 908,
915, 1094, 1090,
909, 1096, 1092,
905, 1096, 909,
911, 1094, 915,
914, 1093, 1089,
914, 910, 1093,
911, 1098, 1094,
907, 1098, 911,
906, 1097, 910,
910, 1097, 1093,
904, 900, 1099,
905, 901, 1096,
907, 903, 1098,
906, 902, 1097,
]