vertices = [
0.0117525406822464,
-0.0020612307738522,
-0.0239129035914469,
0.0272033997185805,
0.0007924000400495,
-0.0464075798172341,
0.0273857453689329,
0.0437953158214896,
-0.0472803505675289,
-0.0139063589250564,
0.0512723080271451,
-0.0313061334416888,
-0.0162852719907722,
0.0697767185951690,
-0.0402470422960999,
-0.0626280120911786,
0.0655538406902064,
0.0167979096499863,
-0.0701100492055849,
0.0336965639793709,
0.0372768003050658,
-0.0797023787811151,
0.0286462738778031,
0.0904762212713312,
-0.0855768977199167,
-0.0469867920010074,
0.0994322063540386,
-0.0206380134301012,
-0.0607715177439246,
0.0830283832532264,
-0.0104711667820084,
-0.1008743677112000,
0.0765106484648044,
0.0671797689306237,
-0.1039350625994725,
0.0001466097371220,
0.0850633867394961,
-0.0700650424319886,
-0.0144647122593626,
0.1159734461659532,
-0.0700536958564902,
-0.0964624169131741,
0.1143340821734535,
0.0258064753759125,
-0.1058837010048231,
0.0646144705614921,
0.0308055598500109,
-0.1263668795986627,
0.0664829403499999,
0.1160206765075178,
-0.1322653980450499,
-0.0420849592521635,
0.1306784990404578,
-0.0583961735063614,
-0.0576749101454207,
0.1301439100163536,
-0.0442212679136425,
-0.1338026622803384,
0.1248274376366819,
0.0699464736344718,
-0.1383423983928700,
0.0332626796671917,
0.0777154109630111,
-0.1178736630999675,
0.0247833115594586,
0.1425490657504981,
-0.1164974935099121,
-0.0902164973576800,
0.1487273580936108,
-0.0110872594993970,
-0.1051533627951467,
0.1141811716453323,
-0.0023296421578091,
-0.1588505075189069,
0.1112088392446738,
0.1162963141225248,
-0.1622640463674904,
-0.0081666041160949,
0.1264581364946403,
-0.1054101441209932,
-0.0236040125479334,
0.1655830659942468,
-0.0945652763530715,
-0.1403915217073328,
0.1645438544476395,
0.0392870474541810,
-0.1516727585695491,
0.0831269065479861,
0.0573721479102763,
-0.1656779261878185,
0.0711227256754170,
0.1631226267179491,
-0.1642122564097449,
-0.0748648888329755,
0.1749090303933070,
-0.0558226721639140,
-0.0874603643955647,
0.1619389988573428,
-0.0485616064379313,
-0.1786093613104792,
0.1578434451342066,
0.1004186394396195,
-0.1845043439799808,
0.0353377171644132,
0.1117074251593482,
-0.1515878349279384,
0.0196508812250214,
0.1888759620207539,
-0.1426363975451344,
-0.1289555201278866,
0.1938111322339018,
-0.0016461307365839,
-0.1469331385797104,
0.1322613619357509,
0.0210722376821934,
-0.1976538287829751,
0.1188908203422316,
0.1611131150294276,
-0.1955324182602602,
-0.0391997683329360,
0.1723591432325486,
-0.1040963892090815,
-0.0567832779324490,
0.1967497729473894,
-0.0935911598583594,
-0.1863435487575079,
0.1939192349636785,
0.0750184107330218,
-0.1976587194462321,
0.0783800699161938,
0.0943179031377645,
-0.1936932751699556,
0.0614922744605949,
0.2077971101280999,
-0.1853285434340093,
-0.1137800317484283,
0.2165470274052572,
-0.0414561385606063,
-0.1299086755663914,
0.1743492920044608,
-0.0218496687430373,
-0.2160037500388839,
0.1631505744570351,
0.1453731635145412,
-0.2179545117041926,
0.0026204955484116,
0.1592577855104728,
-0.1508508886252539,
-0.0163852874804759,
0.2203275099673686,
-0.1390426407747893,
-0.1760261137848735,
0.2199928027997168,
0.0369782151616277,
-0.1914023078732237,
0.1241506196582318,
0.0590351547157714,
-0.2224307756427815,
0.1081422510834713,
0.2059320945790357,
-0.2178341389642841,
-0.0797056581919340,
0.2164825738561378,
-0.0898013466222288,
-0.1001193450591110,
0.2128163646742929,
-0.0703254031860435,
-0.2271006698781952,
0.2059655139389202,
0.1216016969464753,
-0.2347300419396213,
0.0491650480416546,
0.1402813804858106,
-0.1963568282555960,
0.0281046112381894,
0.2400726837271209,
-0.1855441121720380,
-0.1599035679432949,
0.2455793765543937,
-0.0048106911389146,
-0.1774657606583886,
0.1729650234702197,
0.0150498132456271,
-0.2483410508457164,
0.1581890737342930,
0.1921943417507530,
-0.2453051654516638,
-0.0377478229125728,
0.2060788049475471,
-0.1413321912626339,
-0.0597667057350520,
0.2446485225084945,
-0.1236985964495843,
-0.2228784594029917,
0.2395019938863843,
0.0825346906720571,
-0.2361420766662750,
0.1046627312462426,
0.1065286556936429,
-0.2391378990461910,
0.0838861896182833,
0.2488980357251346,
-0.2286942091770645,
-0.1271825128851121,
0.2563966558412902,
-0.0625224669607540,
-0.1481911781209890,
0.2177128282859180,
-0.0370057485877302,
-0.2628181461841664,
0.2070216306581334,
0.1701880936363327,
-0.2658497589339646,
0.0116307187940254,
0.1881401219275210,
-0.1923463990290517,
-0.0126725037876012,
0.2685656572996494,
-0.1763303446819260,
-0.2074645775299764,
0.2674181467719636,
0.0395706857047998,
-0.2231185370050159,
0.1592306081467329,
0.0600489953950317,
-0.2689259546890003,
0.1426282094584188,
0.2372148616664162,
-0.2642191359449084,
-0.0852114298397352,
0.2495293010720041,
-0.1210145587997076,
-0.1089184022168588,
0.2574929493009354,
-0.0980906422396864,
-0.2640245779155669,
0.2516538329559734,
0.1305415502403838,
-0.2715472805394359,
0.0739425511470507,
0.1539798855418416,
-0.2406707268254865,
0.0464453629987036,
0.2798680167884678,
-0.2285603337485803,
-0.1752598520426202,
0.2836276026453265,
-0.0255232030619679,
-0.1957385753087504,
0.2141519299393101,
0.0013662903359488,
-0.2914732357196407,
0.1962136071556413,
0.2175010126922883,
-0.2889237451737102,
-0.0317656837549450,
0.2328715703962058,
-0.1777262885356108,
-0.0578768244775512,
0.2881645666262739,
-0.1573988400882614,
-0.2507313711624167,
0.2827552465490066,
0.0862599453980227,
-0.2637990577856523,
0.1377281254542747,
0.1056476978178578,
-0.2826528748592810,
0.1201725263246607,
0.2757156164989247,
-0.2707983653607471,
-0.1335104715729153,
0.2856761940168532,
-0.0943690701692239,
-0.1569880583420855,
0.2597073901855708,
-0.0642188693062706,
-0.2962968260611248,
0.2511759226993274,
0.1769623252935134,
-0.2989925519766656,
0.0411411281714242,
0.1988870383511580,
-0.2358043257036797,
0.0113306837678144,
0.3051924370574762,
-0.2191620556108814,
-0.2190918687796045,
0.3019344674332499,
0.0134156182081661,
-0.2377102140723562,
0.2005282279552265,
0.0447893953582631,
-0.3086849883915703,
0.1816042067834400,
0.2596052609253721,
-0.3051992024800629,
-0.0706246276369751,
0.2713855132013608,
-0.1582173206826523,
-0.0992598474776847,
0.2983921211712068,
-0.1364139466012696,
-0.2888793461544779,
0.2968475862713577,
0.1283331367726823,
-0.2961234214561156,
0.1095791504968876,
0.1514155682476580,
-0.2846249621825044,
0.0847541055387852,
0.3019697513989790,
-0.2720989722123542,
-0.1778769505382574,
0.3107763612137477,
-0.0600673839590781,
-0.2007680511300318,
0.2568419909837173,
-0.0296032014953364,
-0.3257423681219223,
0.2398059529305619,
0.2206464125174237,
-0.3170466418043472,
0.0000493078165462,
0.2399427135462015,
-0.2211737167879821,
-0.0307255052610484,
0.3202769965974908,
-0.2010471111065828,
-0.2587047336673952,
0.3149991777432958,
0.0583722221202620,
-0.2755030926943794,
0.1788299437031043,
0.0878985673760211,
-0.3216994451621498,
0.1595004086018236,
0.2946039331201311,
-0.3099306035382164,
-0.1168958768894137,
0.3052357590745531,
-0.1306556346903686,
-0.1463376568549856,
0.2998329624065081,
-0.1057185000905811,
-0.3154458433598902,
0.2938805280415162,
0.1703381522890909,
-0.3249987205747326,
0.0776512591724425,
0.1952371190360621,
-0.2785666317121659,
0.0469853383341120,
0.3308614919445692,
-0.2620983689297989,
-0.2210581230001103,
0.3316822867726062,
-0.0216459059526488,
-0.2420644055108787,
0.2429477727783429,
0.0156944157622967,
-0.3386232439779627,
0.2236891305634109,
0.2643027301040504,
-0.3411027161068693,
-0.0430384956236436,
0.2795766961945647,
-0.2014397995591313,
-0.0781797321355199,
0.3365654130063434,
-0.1770522890447056,
-0.2975215329301008,
0.3305897844476220,
0.1029198742699057,
-0.3112535840432777,
0.1508673604047420,
0.1349224630910562,
-0.3231143481403769,
0.1283269078532483,
0.3241058433148339,
-0.3120729394609231,
-0.1643006660249834,
0.3361509657744226,
-0.0971925989451081,
-0.1935616979899158,
0.2974709475803475,
-0.0712315878503506,
-0.3439390350826065,
0.2834303233331766,
0.2172331728608924,
-0.3438403702167792,
0.0384161595418482,
0.2411538823266551,
-0.2643019247887744,
0.0026138873474397,
0.3500641295378838,
-0.2462814666133959,
-0.2632386690163360,
0.3437244948111310,
0.0266001475518084,
-0.2821817302302606,
0.2216311569598555,
0.0612833165607210,
-0.3549628141506734,
0.2015452122181673,
0.3073784039652694,
-0.3431762761334010,
-0.0915128801038749,
0.3152599192919138,
-0.1727677328046932,
-0.1245414058058870,
0.3330455408147303,
-0.1504882116525199,
-0.3387386719262383,
0.3381049684821159,
0.1544860930235964,
-0.3432428383417009,
0.1172800558928438,
0.1863344069257512,
-0.3219017879108050,
0.0930486137950435,
0.3460100703948263,
-0.3040731822549487,
-0.2145751346310039,
0.3587479698264112,
-0.0592223654046648,
-0.2402721967317407,
0.2859971074708768,
-0.0110181351202355,
-0.3695995033773500,
0.2665881659129853,
0.2638688896201987,
-0.3611674900224426,
-0.0014849519434314,
0.2850805707018813,
-0.2453682047103385,
-0.0472006796364640,
0.3614498718482020,
-0.2218809368893409,
-0.3023283137473056,
0.3593678700259235,
0.0691045789647407,
-0.3210601549939663,
0.1942861341097021,
0.1143000920976503,
-0.3622615225863060,
0.1697497317008675,
0.3427246549205583,
-0.3496037212318718,
-0.1451176607751315,
0.3510410890678987,
-0.1378134387648243,
-0.1804267901561751,
0.3350334681973912,
-0.1148769840403131,
-0.3592889005582789,
0.3244261457260740,
0.2037973069565997,
-0.3714928906798597,
0.0741516340565410,
0.2340953632012582,
-0.3052487908140443,
0.0251893544889259,
0.3843491178022793,
-0.2913729786869251,
-0.2625596245384768,
0.3685123118487022,
-0.0048132739756883,
-0.2836726179797772,
0.2657971439126138,
0.0306301467606996,
-0.3838976964386792,
0.2443369875336165,
0.3078557867914270,
-0.3812355830967986,
-0.0749506587300768,
0.3226343968514286,
-0.2190144556864619,
-0.1119432194648175,
0.3710321368592543,
-0.1927179185638208,
-0.3375154600916458,
0.3687612475169748,
0.1217725856583211,
-0.3545735393847413,
0.1605351912685669,
0.1605778145210776,
-0.3583691117867497,
0.1312233724122713,
0.3723671956607031,
-0.3421130721024599,
-0.1990893711607900,
0.3826368591161505,
-0.0961990516777105,
-0.2319933423772146,
0.3268277504256092,
-0.0459837575055717,
-0.3780153048579692,
0.3080485395007238,
0.2567382113607926,
-0.3863323321821915,
0.0317653060378713,
0.2827545490250923,
-0.2871654150766940,
-0.0232727274693131,
0.3874925166207887,
-0.2660559054752193,
-0.3055615376829000,
0.3862213114289182,
0.0337091420017027,
-0.3224726612029185,
0.2384634480874250,
0.0864139835264083,
-0.3895988192803996,
0.2132192007160353,
0.3529925765855224,
-0.3777208646397339,
-0.1134843995892032,
0.3542770782445158,
-0.1833471693673829,
-0.1525640569419028,
0.3609189227169335,
-0.1472292920542131,
-0.3886783486364723,
0.3646652190057564,
0.1920330086746456,
-0.3832900911784083,
0.1115323695792570,
0.2304478697178944,
-0.3453083667496717,
0.0595137240633444,
0.3698403999186458,
-0.3334234162182204,
-0.2505755151059999,
0.3889562765113172,
-0.0342495910704920,
-0.2807345097873274,
0.3086981972668565,
0.2904265994031450,
0.3046302002663755,
-0.3852706146807443,
-0.0321891179349373,
0.3291111443342641,
-0.2656876082617700,
-0.0813901311729432,
0.3880206463705970,
-0.2331955721370663,
-0.3455619975541092,
0.3917917114879808,
0.0892095495646125,
-0.3635814721199324,
0.2044652258758888,
0.1471933909355171,
-0.3948566580938203,
0.1673450262809638,
0.3870640041362321,
-0.3773355431857882,
-0.1818476486721450,
0.3913377426976524,
-0.1445746894729487,
-0.2139608839308922,
0.3616493673845568,
-0.0896658693812125,
-0.3884642745173539,
0.3455395326562811,
0.2410876554121719,
0.2740676366215213,
-0.3276559024705867,
-0.3099198049194656,
-0.3053418045255243,
-0.3238205958751556,
0.2845919595174990,
0.2608067458594065,
0.3467844947382232,
0.3636275619112284,
-0.2290954720928723,
-0.1444309736302137,
0.3987429738231589,
-0.1887705268748069,
-0.3760371561006331,
0.3900245285540430,
0.1552706991805039,
-0.3928943001607551,
0.1547903551621239,
0.1991296695115538,
-0.3669382881312359,
0.0931199595907833,
0.3901725400359756,
-0.3719539945656904,
-0.2326977025379480,
-0.2711184572209296,
0.3476465376984206,
0.3331697999316313,
0.2923128725820036,
0.3202066986628578,
-0.3093134746545382,
-0.2758907535153343,
-0.3475028254267659,
-0.3591301876297393,
0.2485165773011954,
0.2074375707837532,
0.3993314837563458,
-0.3962234478331336,
-0.1479009252885190,
0.3912046231209679,
-0.1870252580799608,
-0.1827867218770135,
0.3857997135850316,
0.3847582521524585,
0.2323452465936650,
0.2652149593251225,
-0.3685110475708943,
-0.3481489191350903,
-0.2898485336916853,
-0.3218524432402557,
0.3263079955254113,
0.3012528654889442,
0.3465363095261084,
0.3727666062590806,
-0.2696252927313729,
-0.2411415472594450,
-0.3844847175492347,
-0.4028951783890299,
0.2010080814873625,
0.1948792955244457,
-0.4043244100451063,
-0.4051689074892169,
-0.2083850696291118,
-0.2497265503527186,
0.3796440406777419,
0.3716061296502166,
0.2741110088963619,
0.3099150250021085,
-0.3496786111852949,
-0.3174470613134532,
-0.3492500438985845,
-0.3638010755675544,
0.2876671542405501,
0.2461657884761576,
0.3837955836137739,
0.4023745904630847,
-0.2230457017272225,
0.4058400854965134,
0.2003653446551699,
0.2337352668040228,
-0.3943343953117562,
-0.3832636830288053,
-0.2743831691451385,
-0.3080646395723095,
0.3630821882934235,
0.3377867589417509,
0.3336969570761081,
0.3597383120961864,
-0.3102886945335604,
-0.2877390901073124,
-0.3880342806254645,
-0.3951592598462759,
0.2434036033923736,
-0.2151003059640848,
0.4046195801493981,
0.4146572989473635,
0.2571822996082628,
0.2979956010887346,
-0.3887904133271893,
-0.3535194822144104,
-0.3313865260378685,
-0.3639757610434464,
0.3294860279057568,
0.2936504795201487,
0.3874321469345612,
0.4128256909459468,
-0.2632956912643770,
-0.2070494411110985,
-0.4076807957350846,
-0.4141008085906679,
-0.2533269194953044,
-0.2892698867917607,
0.3951410388633558,
0.3731165559440716,
0.3167796540885127,
0.3507112821859943,
-0.3502434948928316,
-0.3273869736140397,
-0.3886993812378690,
-0.3983120539146271,
0.2969993583845621,
0.2614579590851127,
0.4169879120383654,
0.2670811012982630,
-0.4148492776033147,
-0.3891091039593867,
-0.3153962714463691,
-0.3467377195039915,
0.3671756873020026,
0.3361600113177702,
0.3743436932969673,
0.3971271090202940,
-0.3067773691724179,
-0.2633629991951284,
-0.4179307142401138,
-0.2586754583972479,
0.4183211067065586,
0.4059785141373846,
0.2949986559840306,
0.3356394760428515,
-0.3867740377667316,
-0.3632924519059839,
-0.3703103866706246,
-0.4034316990989582,
0.3400219722169827,
0.3068276287570292,
0.4269289074184957,
-0.4236193469296024,
-0.2967118042457291,
-0.3306846778652221,
0.4031725308417939,
0.3756547155550383,
0.3576063480335445,
0.3890985487385015,
-0.3507509533157698,
-0.3142340177448886,
-0.4264093769117090,
-0.4206597977051562,
0.2661875974067981,
0.3112387131768694,
-0.4269568286494247,
-0.3987803202080791,
-0.3538561011062009,
-0.3827919065890731,
0.3745966060590347,
0.3417406148391439,
0.4099100878764033,
0.4323683412606729,
-0.3046888419879447,
-0.3062176828008157,
0.4314698524165672,
0.4095067405773011,
0.3388070739647639,
0.3772820739155169,
-0.3887280632387299,
-0.3617845563549641,
-0.4092981646441436,
-0.4319108927622904,
0.3144875736792097,
-0.4299653249606490,
-0.3332061046264508,
-0.3677486564952664,
0.4106182660716773,
0.3791690791476005,
0.3928996505531881,
0.4230173398263621,
-0.3420004178747741,
0.4354731352473691,
0.3119329753154716,
0.3512217339492893,
-0.4198015911443891,
-0.4038322393773842,
-0.3903491912021563,
-0.4191586600553202,
0.3781136793372572,
0.3508416222042559,
0.4446335955549937,
-0.3493047848321286,
0.4423718382391691,
0.4169313159086241,
0.3773334151507730,
0.4179850819309493,
-0.3883909649234017,
-0.3585406800777384,
-0.4445716315184982,
-0.4421882856854066,
-0.3662971102768410,
-0.4013296948171279,
0.4158251762697465,
0.3858905380580056,
0.4259820673347151,
0.4481608184017525,
-0.3619735946313810,
0.4460830672523894,
0.3546143216766322,
0.3961132777147036,
-0.4242064895512319,
-0.3998541433843666,
-0.4255813284985800,
-0.4457794410069150,
0.3571491747403383,
-0.3863509674135636,
0.4538771367845965,
0.4205350750045482,
0.4113052253231420,
0.4584205469259506,
-0.3981142953011966,
0.3609377782952122,
-0.4489668780526495,
-0.4443143831334927,
-0.4012997390634219,
-0.4340277212581571,
0.4107277100749667,
0.3877555203596741,
0.4581448575821303,
0.4577249201708996,
0.3931742348029391,
0.4358018860567606,
-0.4273604561199781,
-0.3997488180023151,
-0.4610106352292178,
-0.4177032769716771,
0.4514517471805142,
0.4265651008291530,
0.4453290875059618,
0.3965441260414266,
-0.4609503550576156,
-0.4353621466876091,
-0.4392355642712212,
-0.4632789413775621,
0.3984107548203822,
0.4548380001990872,
0.4263116007079590,
0.4754390700425720,
-0.4311343891643133,
-0.4723921615026976,
-0.4224490940453132,
-0.4497910168443148,
0.4403536970600540,
0.4153472939022493,
0.4715105597217203,
0.4279953004263971,
-0.4604296690806725,
-0.4365974494178516,
-0.4760487302161120,
-0.4356927119564382,
0.4787999804705799,
0.4624317766002525,
0.4619210354369460,
-0.4688963025048558,
-0.4548981812128438,
-0.4814455812261118,
0.4357181729387818,
0.4836167930178330,
0.4361175901025288,
0.4625614165507633,
-0.4609571462538146,
-0.4687820635900138,
0.4684731645237346,
0.4427105345010366,
0.4840628543555415,
0.4425386098267091,
-0.4864437857581831,
-0.4672784562960252,
-0.4929490133662834,
0.4952716843689478,
0.4693548242867506,
0.4938828280831591,
-0.4632027686005705,
-0.4973224525267947,
-0.4645853683218921,
-0.4996021894564586,
0.4698180193327401,
0.4739118099275282,
-0.4957367056791312,
-0.4640529518697412,
0.4988214585374287,
0.4752508881708137,
0.4968807598552566,
-0.4960065012024823,
-0.4907203893362607,
0.5119702190552321,
0.4950135786341135,
0.5043164572229547,
-0.4889386525441654,
-0.4909131264257673,
0.4993067413376574,
0.4974657131920021,
-0.5176393602209626,
-0.4980079386609235,
-0.5182198638058774,
0.5006921982928328,
0.5186596965701514,
-0.5205364464089414,
-0.5017784947348238,
-0.5195052062974171,
0.4997584787826383,
0.5222148514945633,
-0.5079497867697008,
-0.5054351906225639,
0.5224427570415694,
-0.5286415899120147,
-0.5297047582569437,
0.5313672217735060,
0.5184842115339274,
-0.5319987494176952,
0.5307031888172263,
0.5216539516677245,
-0.5362621081168049,
0.5273217110663393,
0.5383444329438110,
-0.5485920144496549,
-0.5485298429788973,
0.5402875030232757,
-0.5276341890673807,
-0.5503485570377563,
0.5504746634227731,
0.5504519059351705,
0.5498602117310809,
0.5502108369462773,
-0.5508281722098500,
-0.5670626456792679,
-0.5670574600159134,
-0.5683611189969958,
0.5683290408991646,
0.5682753045390141,
0.5683127454101400,
0.5684282824146462,
-0.5684345410180581,
-0.5849851911348503,
0.5850856298240777,
0.6003981283229189,
0.6003981283229191,
0.6004003846876554,
-0.6004081084021695,
-0.6004103686916576,
-0.6004103686916582,
-0.6249650178476497,
0.6249579278669393,
0.6400364681314461,
-0.6400364681314461,
0.6400364681314461,
0.6400364681314461,
-0.6400364681314461,
0.6400364681314461,
-0.6400364681314461,
-0.6400364681314461,
0.6315131586172670,
-0.6294895721409849,
-0.6294895721409850,
0.6315131586172671,
-0.6315131586172670,
-0.6294895721409849,
-0.6294895721409850,
-0.6315131586172671,
0.6222099836544814,
-0.6176379214867007,
-0.6176379214867007,
0.6222099836544814,
-0.6222099836544814,
-0.6176379214867007,
-0.6176379214867007,
-0.6222099836544814,
0.6117661455626471,
-0.6038854255976980,
-0.6038854255976980,
0.6117661455626471,
-0.6117661455626471,
-0.6038854255976980,
-0.6038854255976980,
-0.6117661455626471,
0.6003764425773357,
-0.5883098706069531,
-0.5883098706069531,
0.6003764425773357,
-0.6003764425773357,
-0.5883098706069531,
-0.5883098706069531,
-0.6003764425773357,
0.5878429485898214,
-0.5704163299559767,
-0.5704163299559767,
0.5878429485898214,
-0.5878429485898214,
-0.5704163299559767,
-0.5704163299559767,
-0.5878429485898214,
0.5743925026204107,
-0.5502496691500507,
-0.5502496691500507,
0.5743925026204107,
-0.5743925026204107,
-0.5502496691500507,
-0.5502496691500507,
-0.5743925026204107,
0.5599362241631908,
-0.5273339847332555,
-0.5273339847332555,
0.5599362241631908,
-0.5599362241631908,
-0.5273339847332555,
-0.5273339847332555,
-0.5599362241631908,
0.5446103266933333,
-0.5014435977384908,
-0.5014435977384908,
0.5446103266933333,
-0.5446103266933333,
-0.5014435977384908,
-0.5014435977384908,
-0.5446103266933333,
0.5286327126639758,
-0.4724165894544663,
-0.4724165894544663,
0.5286327126639758,
-0.5286327126639758,
-0.4724165894544663,
-0.4724165894544663,
-0.5286327126639758,
0.5122031616844862,
-0.4399740512563284,
-0.4399740512563284,
0.5122031616844863,
-0.5122031616844862,
-0.4399740512563284,
-0.4399740512563284,
-0.5122031616844863,
0.4956122860783910,
-0.4039039608369891,
-0.4039039608369891,
0.4956122860783910,
-0.4956122860783910,
-0.4039039608369891,
-0.4039039608369891,
-0.4956122860783910,
0.4792730170432780,
-0.3641747019332532,
-0.3641747019332532,
0.4792730170432780,
-0.4792730170432780,
-0.3641747019332532,
-0.3641747019332532,
-0.4792730170432780,
0.4636287523384341,
-0.3207891016321779,
-0.3207891016321779,
0.4636287523384341,
-0.4636287523384341,
-0.3207891016321779,
-0.3207891016321779,
-0.4636287523384341,
0.4491597773636242,
-0.2738337699976083,
-0.2738337699976083,
0.4491597773636242,
-0.4491597773636242,
-0.2738337699976083,
-0.2738337699976083,
-0.4491597773636242,
0.4363863924401580,
-0.2235804432240646,
-0.2235804432240646,
0.4363863924401580,
-0.4363863924401580,
-0.2235804432240646,
-0.2235804432240646,
-0.4363863924401580,
0.4258177701303495,
-0.1704681374833723,
-0.1704681374833723,
0.4258177701303495,
-0.4258177701303495,
-0.1704681374833723,
-0.1704681374833723,
-0.4258177701303495,
0.4178964642993251,
-0.1150066086293007,
-0.1150066086293007,
0.4178964642993251,
-0.4178964642993251,
-0.1150066086293007,
-0.1150066086293007,
-0.4178964642993251,
0.4129889373299509,
-0.0579184435889761,
-0.0579184435889761,
0.4129889373299509,
-0.4129889373299509,
-0.0579184435889761,
-0.0579184435889761,
-0.4129889373299509,
0.4113267636393948,
-0.0000033524844678,
-0.0000033524844678,
0.4113267636393948,
-0.4113267636393948,
-0.0000033524844678,
-0.0000033524844678,
-0.4113267636393948,
0.4129891756337736,
0.0579225918688809,
0.0579225918688809,
0.4129891756337736,
-0.4129891756337736,
0.0579225918688809,
0.0579225918688809,
-0.4129891756337736,
0.4178971594662128,
0.1150126732714816,
0.1150126732714816,
0.4178971594662128,
-0.4178971594662128,
0.1150126732714816,
0.1150126732714816,
-0.4178971594662128,
0.4258169457093363,
0.1704633233254058,
0.1704633233254058,
0.4258169457093363,
-0.4258169457093363,
0.1704633233254058,
0.1704633233254058,
-0.4258169457093363,
0.4363878443830075,
0.2235868388303335,
0.2235868388303335,
0.4363878443830074,
-0.4363878443830075,
0.2235868388303335,
0.2235868388303335,
-0.4363878443830074,
0.4491615328386230,
0.2738400016796978,
0.2738400016796978,
0.4491615328386230,
-0.4491615328386230,
0.2738400016796978,
0.2738400016796978,
-0.4491615328386230,
0.4636287636430225,
0.3207891353784070,
0.3207891353784070,
0.4636287636430225,
-0.4636287636430225,
0.3207891353784070,
0.3207891353784070,
-0.4636287636430225,
0.4792783554592374,
0.3641885099006925,
0.3641885099006925,
0.4792783554592374,
-0.4792783554592374,
0.3641885099006925,
0.3641885099006925,
-0.4792783554592374,
0.4956156261824087,
0.4039116152915097,
0.4039116152915097,
0.4956156261824087,
-0.4956156261824087,
0.4039116152915097,
0.4039116152915097,
-0.4956156261824087,
0.5121920069217453,
0.4399510034428590,
0.4399510034428590,
0.5121920069217453,
-0.5121920069217453,
0.4399510034428590,
0.4399510034428590,
-0.5121920069217453,
0.5286331647936838,
0.4724174437315970,
0.4724174437315970,
0.5286331647936838,
-0.5286331647936838,
0.4724174437315970,
0.4724174437315970,
-0.5286331647936838,
0.5446244549576709,
0.5014682961863345,
0.5014682961863344,
0.5446244549576708,
-0.5446244549576709,
0.5014682961863345,
0.5014682961863344,
-0.5446244549576708,
0.5599315347098296,
0.5273263252736048,
0.5273263252736048,
0.5599315347098296,
-0.5599315347098296,
0.5273263252736048,
0.5273263252736048,
-0.5599315347098296,
0.5743863980317753,
0.5502402739053202,
0.5502402739053202,
0.5743863980317753,
-0.5743863980317753,
0.5502402739053202,
0.5502402739053202,
-0.5743863980317753,
0.5878795450953681,
0.5704697951020569,
0.5704697951020569,
0.5878795450953681,
-0.5878795450953681,
0.5704697951020569,
0.5704697951020569,
-0.5878795450953681,
0.6003497287704544,
0.5882725951924432,
0.5882725951924431,
0.6003497287704543,
-0.6003497287704544,
0.5882725951924432,
0.5882725951924431,
-0.6003497287704543,
0.6117780373793086,
0.6039013656084137,
0.6039013656084137,
0.6117780373793086,
-0.6117780373793086,
0.6039013656084137,
0.6039013656084137,
-0.6117780373793086,
0.6221763264996623,
0.6175943771118316,
0.6175943771118317,
0.6221763264996624,
-0.6221763264996623,
0.6175943771118316,
0.6175943771118317,
-0.6221763264996624,
0.6315792322613757,
0.6295724561853373,
0.6295724561853374,
0.6315792322613758,
-0.6315792322613757,
0.6295724561853373,
0.6295724561853374,
-0.6315792322613758,
]

triangles = [
0, 5, 2,
5, 10, 2,
0, 8, 5,
5, 18, 10,
7, 4, 2,
2, 4, 0,
0, 3, 8,
15, 7, 2,
1, 3, 0,
4, 1, 0,
13, 18, 5,
8, 13, 5,
23, 15, 10,
10, 15, 2,
31, 23, 10,
39, 31, 18,
18, 31, 10,
9, 6, 1,
1, 6, 3,
16, 21, 8,
8, 21, 13,
13, 26, 18,
16, 8, 3,
11, 16, 3,
20, 12, 7,
7, 12, 4,
4, 9, 1,
17, 9, 4,
34, 26, 13,
28, 20, 15,
15, 20, 7,
6, 11, 3,
36, 28, 15,
42, 34, 21,
21, 34, 13,
60, 39, 26,
26, 39, 18,
25, 17, 12,
12, 17, 4,
44, 36, 23,
23, 36, 15,
44, 23, 31,
22, 14, 9,
9, 14, 6,
6, 19, 11,
52, 44, 31,
37, 29, 16,
16, 29, 21,
14, 19, 6,
11, 24, 16,
32, 24, 11,
39, 52, 31,
41, 33, 20,
20, 33, 12,
55, 47, 34,
34, 47, 26,
39, 73, 52,
33, 25, 12,
17, 22, 9,
50, 42, 29,
29, 42, 21,
30, 22, 17,
14, 27, 19,
49, 41, 28,
28, 41, 20,
70, 49, 36,
36, 49, 28,
47, 60, 26,
78, 57, 44,
44, 57, 36,
45, 37, 24,
24, 37, 16,
40, 32, 19,
19, 32, 11,
38, 30, 17,
76, 55, 42,
42, 55, 34,
47, 81, 60,
35, 14, 22,
35, 27, 14,
86, 65, 52,
52, 65, 44,
60, 73, 39,
59, 38, 25,
25, 38, 17,
46, 25, 33,
37, 50, 29,
43, 22, 30,
43, 35, 22,
54, 46, 33,
91, 70, 57,
57, 70, 36,
75, 54, 41,
41, 54, 33,
62, 41, 49,
89, 68, 55,
55, 68, 47,
60, 94, 73,
83, 62, 49,
99, 78, 65,
65, 78, 44,
53, 45, 32,
32, 45, 24,
37, 71, 50,
48, 40, 27,
27, 40, 19,
84, 63, 50,
50, 63, 42,
68, 81, 47,
107, 86, 73,
73, 86, 52,
51, 43, 30,
63, 76, 42,
68, 102, 81,
45, 58, 37,
81, 94, 60,
72, 51, 38,
38, 51, 30,
40, 53, 32,
45, 79, 58,
80, 59, 46,
46, 59, 25,
62, 75, 41,
54, 67, 46,
96, 75, 62,
104, 83, 70,
70, 83, 49,
69, 48, 35,
35, 48, 27,
40, 74, 53,
112, 91, 78,
78, 91, 57,
58, 71, 37,
63, 97, 76,
110, 89, 76,
76, 89, 55,
81, 115, 94,
88, 67, 54,
120, 99, 86,
86, 99, 65,
94, 107, 73,
43, 56, 35,
77, 56, 43,
89, 102, 68,
94, 128, 107,
71, 84, 50,
82, 61, 48,
48, 61, 40,
87, 66, 53,
53, 66, 45,
58, 92, 71,
71, 105, 84,
91, 104, 70,
83, 96, 62,
125, 104, 91,
93, 72, 59,
59, 72, 38,
51, 64, 43,
84, 97, 63,
89, 123, 102,
133, 112, 99,
99, 112, 78,
117, 96, 83,
75, 88, 54,
102, 115, 81,
85, 64, 51,
101, 80, 67,
67, 80, 46,
109, 88, 75,
66, 79, 45,
141, 120, 107,
107, 120, 86,
61, 74, 40,
66, 100, 79,
97, 110, 76,
90, 69, 56,
56, 69, 35,
61, 95, 74,
115, 128, 94,
79, 92, 58,
84, 118, 97,
144, 123, 89,
102, 136, 115,
115, 149, 128,
98, 77, 64,
64, 77, 43,
146, 125, 112,
112, 125, 91,
104, 117, 83,
138, 117, 104,
96, 109, 75,
154, 99, 120,
154, 133, 99,
130, 109, 96,
114, 93, 80,
101, 67, 88,
80, 93, 59,
72, 85, 51,
108, 87, 74,
74, 87, 53,
79, 113, 92,
106, 85, 72,
122, 101, 88,
103, 82, 69,
69, 82, 48,
92, 105, 71,
97, 131, 110,
157, 136, 102,
162, 107, 128,
162, 141, 107,
105, 118, 84,
110, 144, 89,
170, 149, 115,
167, 146, 112,
159, 138, 104,
159, 104, 125,
117, 130, 96,
165, 144, 110,
123, 157, 102,
87, 100, 66,
92, 126, 105,
111, 90, 77,
77, 90, 56,
118, 131, 97,
116, 95, 82,
82, 95, 61,
87, 121, 100,
151, 130, 117,
109, 122, 88,
175, 154, 120,
133, 167, 112,
178, 157, 123,
136, 170, 115,
183, 162, 128,
141, 175, 120,
119, 98, 85,
85, 98, 64,
143, 122, 109,
127, 106, 93,
100, 113, 79,
105, 139, 118,
114, 80, 101,
93, 106, 72,
135, 114, 101,
95, 108, 74,
100, 134, 113,
124, 103, 90,
90, 103, 69,
95, 129, 108,
191, 170, 136,
149, 183, 128,
188, 167, 133,
180, 159, 125,
113, 126, 92,
186, 165, 131,
180, 125, 146,
172, 151, 117,
196, 175, 141,
154, 188, 133,
131, 165, 110,
144, 178, 123,
152, 131, 118,
172, 117, 138,
164, 143, 109,
160, 139, 105,
164, 109, 130,
122, 135, 101,
199, 178, 144,
157, 191, 136,
108, 121, 87,
113, 147, 126,
132, 111, 98,
98, 111, 77,
204, 183, 149,
162, 196, 141,
201, 180, 146,
140, 119, 106,
106, 119, 85,
148, 127, 114,
114, 127, 93,
156, 135, 122,
193, 138, 159,
193, 172, 138,
185, 164, 130,
137, 116, 103,
103, 116, 82,
108, 142, 121,
209, 188, 154,
167, 201, 146,
173, 152, 118,
155, 134, 100,
126, 160, 105,
212, 191, 157,
170, 204, 149,
185, 130, 151,
177, 156, 122,
217, 196, 162,
175, 209, 154,
220, 199, 165,
165, 199, 144,
178, 212, 157,
225, 204, 170,
183, 217, 162,
145, 124, 111,
111, 124, 90,
150, 129, 116,
116, 129, 95,
121, 155, 100,
168, 147, 113,
139, 173, 118,
222, 201, 167,
248, 193, 159,
161, 140, 106,
153, 132, 98,
214, 159, 180,
206, 185, 151,
181, 160, 126,
177, 122, 143,
169, 148, 114,
127, 161, 106,
169, 114, 135,
153, 98, 119,
163, 142, 108,
134, 168, 113,
207, 186, 152,
152, 186, 131,
206, 151, 172,
198, 177, 143,
230, 209, 175,
188, 222, 167,
194, 173, 139,
176, 155, 121,
233, 212, 178,
191, 225, 170,
233, 178, 199,
158, 137, 124,
124, 137, 103,
238, 217, 183,
196, 230, 175,
182, 161, 127,
174, 153, 119,
235, 214, 180,
198, 143, 164,
190, 169, 135,
190, 135, 156,
148, 182, 127,
246, 225, 191,
204, 238, 183,
243, 222, 188,
201, 235, 180,
254, 233, 199,
279, 259, 225,
166, 145, 111,
174, 119, 140,
132, 166, 111,
251, 230, 196,
209, 243, 188,
171, 150, 116,
129, 163, 108,
241, 220, 186,
186, 220, 165,
189, 168, 134,
147, 181, 126,
184, 163, 129,
142, 176, 121,
155, 189, 134,
202, 181, 147,
160, 194, 139,
259, 238, 204,
217, 251, 196,
227, 172, 193,
227, 206, 172,
219, 198, 164,
256, 235, 201,
214, 248, 159,
541, 248, 214,
219, 164, 185,
211, 190, 156,
292, 243, 209,
222, 256, 201,
215, 194, 160,
173, 207, 152,
281, 227, 193,
197, 176, 142,
211, 156, 177,
203, 182, 148,
179, 158, 124,
137, 171, 116,
187, 166, 132,
145, 179, 124,
195, 174, 140,
153, 187, 132,
195, 140, 161,
203, 148, 169,
228, 207, 173,
246, 191, 212,
225, 259, 204,
267, 212, 233,
534, 246, 212,
254, 199, 220,
538, 267, 233,
271, 217, 238,
271, 251, 217,
230, 264, 209,
549, 256, 222,
537, 281, 248,
240, 185, 206,
240, 219, 185,
232, 211, 177,
210, 189, 155,
168, 202, 147,
542, 254, 220,
192, 171, 137,
150, 184, 129,
224, 203, 169,
216, 161, 182,
216, 195, 161,
232, 177, 198,
190, 224, 169,
289, 240, 206,
253, 232, 198,
290, 241, 207,
207, 241, 186,
248, 281, 193,
227, 261, 206,
541, 214, 235,
205, 184, 150,
163, 197, 142,
283, 264, 230,
243, 276, 222,
218, 197, 163,
176, 210, 155,
208, 187, 153,
200, 179, 145,
208, 153, 174,
200, 145, 166,
158, 192, 137,
223, 202, 168,
181, 215, 160,
236, 215, 181,
194, 228, 173,
249, 228, 194,
265, 210, 176,
189, 223, 168,
264, 292, 209,
545, 235, 256,
545, 541, 235,
270, 216, 182,
229, 208, 174,
549, 545, 256,
530, 279, 246,
246, 279, 225,
287, 271, 238,
312, 276, 243,
546, 274, 241,
241, 274, 220,
254, 538, 233,
267, 534, 212,
287, 238, 259,
251, 283, 230,
542, 538, 254,
171, 205, 150,
184, 218, 163,
226, 205, 171,
245, 224, 190,
203, 237, 182,
297, 283, 251,
322, 312, 292,
553, 549, 276,
213, 192, 158,
538, 534, 267,
253, 198, 219,
211, 245, 190,
541, 537, 248,
281, 261, 227,
229, 174, 195,
221, 200, 166,
221, 166, 187,
179, 213, 158,
302, 287, 259,
271, 297, 251,
272, 218, 184,
231, 265, 176,
533, 261, 281,
273, 253, 219,
244, 223, 189,
202, 236, 181,
244, 189, 210,
546, 542, 274,
274, 542, 220,
231, 176, 197,
312, 243, 292,
276, 549, 222,
273, 219, 240,
279, 302, 259,
526, 302, 279,
257, 236, 202,
215, 249, 194,
266, 245, 211,
266, 211, 232,
269, 249, 215,
228, 262, 207,
534, 530, 246,
282, 262, 228,
258, 203, 224,
258, 237, 203,
250, 229, 195,
261, 289, 206,
250, 195, 216,
242, 221, 187,
289, 273, 240,
237, 270, 182,
326, 297, 271,
322, 292, 264,
309, 271, 287,
301, 258, 224,
536, 540, 270,
242, 187, 208,
234, 213, 179,
234, 179, 200,
192, 226, 171,
262, 290, 207,
252, 231, 197,
293, 244, 210,
537, 533, 281,
261, 529, 289,
305, 264, 283,
540, 250, 216,
293, 210, 265,
223, 257, 202,
247, 226, 192,
535, 252, 218,
218, 252, 197,
316, 305, 283,
239, 184, 205,
284, 232, 253,
284, 266, 232,
245, 278, 224,
550, 546, 290,
290, 546, 241,
296, 282, 249,
249, 282, 228,
262, 321, 290,
260, 239, 205,
263, 242, 208,
255, 234, 200,
263, 208, 229,
305, 322, 264,
312, 553, 276,
557, 553, 312,
543, 293, 265,
543, 265, 231,
255, 200, 221,
213, 247, 192,
320, 309, 287,
297, 316, 283,
320, 287, 302,
277, 257, 223,
236, 269, 215,
277, 223, 244,
526, 320, 302,
303, 260, 226,
226, 260, 205,
286, 269, 236,
530, 526, 279,
294, 278, 245,
536, 270, 237,
535, 272, 531,
239, 272, 184,
252, 539, 231,
544, 263, 229,
340, 316, 297,
305, 344, 322,
298, 284, 253,
266, 294, 245,
298, 253, 273,
270, 540, 216,
250, 544, 229,
536, 237, 532,
528, 301, 278,
278, 301, 224,
275, 221, 242,
275, 255, 221,
268, 247, 213,
532, 237, 258,
268, 213, 234,
310, 273, 289,
310, 298, 273,
348, 326, 309,
309, 326, 271,
547, 277, 244,
257, 286, 236,
535, 539, 252,
293, 547, 244,
533, 529, 261,
539, 543, 231,
336, 310, 289,
529, 336, 289,
319, 286, 257,
315, 304, 282,
540, 544, 250,
291, 275, 242,
306, 266, 284,
323, 294, 266,
296, 249, 269,
282, 304, 262,
304, 321, 262,
325, 296, 269,
272, 535, 218,
531, 272, 239,
288, 239, 260,
528, 532, 301,
301, 532, 258,
554, 550, 321,
321, 550, 290,
291, 242, 263,
285, 268, 234,
316, 331, 305,
322, 557, 312,
352, 331, 316,
285, 234, 255,
247, 280, 226,
332, 306, 284,
317, 284, 298,
548, 291, 263,
344, 557, 322,
522, 335, 320,
320, 335, 309,
326, 340, 297,
543, 547, 293,
277, 300, 257,
314, 280, 247,
331, 344, 305,
526, 522, 320,
303, 288, 260,
359, 340, 326,
362, 561, 344,
296, 315, 282,
304, 554, 321,
339, 315, 296,
280, 303, 226,
544, 548, 263,
299, 255, 275,
294, 313, 278,
337, 313, 294,
551, 300, 277,
286, 308, 269,
335, 348, 309,
366, 348, 335,
334, 308, 286,
299, 275, 328,
299, 285, 255,
268, 295, 247,
280, 329, 303,
527, 531, 288,
288, 531, 239,
327, 298, 310,
327, 317, 298,
306, 323, 266,
300, 319, 257,
313, 528, 278,
311, 275, 291,
345, 323, 306,
313, 524, 528,
349, 327, 310,
317, 332, 284,
525, 310, 336,
369, 352, 340,
340, 352, 316,
344, 561, 557,
529, 525, 336,
314, 295, 338,
307, 295, 268,
303, 527, 288,
547, 551, 277,
343, 334, 319,
308, 325, 269,
347, 325, 308,
339, 325, 358,
353, 332, 317,
525, 349, 310,
363, 345, 332,
552, 311, 291,
307, 268, 285,
330, 554, 304,
330, 304, 315,
351, 330, 315,
375, 359, 348,
348, 359, 326,
362, 344, 331,
362, 331, 352,
307, 285, 318,
295, 314, 247,
548, 552, 291,
356, 337, 323,
323, 337, 294,
334, 286, 319,
325, 339, 296,
522, 518, 335,
377, 362, 352,
329, 527, 303,
518, 366, 335,
314, 329, 280,
318, 285, 299,
328, 275, 311,
343, 319, 300,
556, 328, 311,
337, 524, 313,
328, 318, 299,
368, 351, 339,
339, 351, 315,
330, 558, 554,
332, 345, 306,
337, 520, 524,
341, 317, 327,
360, 327, 349,
360, 341, 327,
555, 343, 300,
334, 347, 308,
383, 369, 359,
359, 369, 340,
362, 565, 561,
551, 555, 300,
514, 375, 366,
366, 375, 348,
365, 347, 334,
565, 377, 396,
369, 377, 352,
346, 324, 307,
307, 324, 295,
350, 523, 329,
329, 523, 527,
525, 521, 349,
341, 353, 317,
345, 356, 323,
370, 353, 341,
372, 356, 345,
521, 360, 349,
376, 558, 351,
351, 558, 330,
347, 358, 325,
374, 358, 347,
342, 333, 318,
318, 333, 307,
552, 556, 311,
350, 329, 314,
357, 338, 324,
324, 338, 295,
342, 318, 328,
377, 565, 362,
396, 377, 390,
338, 350, 314,
518, 514, 366,
375, 383, 359,
363, 332, 353,
516, 520, 356,
356, 520, 337,
361, 342, 328,
556, 361, 328,
378, 363, 353,
358, 368, 339,
388, 383, 375,
368, 376, 351,
559, 355, 343,
343, 355, 334,
358, 382, 368,
555, 559, 343,
390, 377, 369,
514, 388, 375,
383, 390, 369,
333, 346, 307,
367, 519, 350,
364, 346, 333,
384, 370, 360,
360, 370, 341,
380, 365, 355,
355, 365, 334,
389, 562, 376,
401, 390, 383,
385, 372, 363,
363, 372, 345,
387, 374, 365,
365, 374, 347,
521, 517, 360,
370, 378, 353,
373, 357, 346,
346, 357, 324,
350, 519, 523,
354, 333, 342,
391, 378, 370,
556, 560, 361,
361, 371, 342,
367, 350, 338,
389, 376, 368,
376, 562, 558,
371, 354, 342,
517, 384, 360,
381, 367, 357,
357, 367, 338,
396, 569, 565,
405, 569, 396,
405, 396, 390,
394, 382, 374,
374, 382, 358,
514, 510, 388,
388, 395, 383,
372, 516, 356,
385, 516, 372,
385, 363, 378,
560, 371, 361,
354, 364, 333,
382, 389, 368,
510, 395, 388,
413, 405, 390,
379, 364, 354,
395, 401, 383,
397, 385, 378,
559, 563, 355,
382, 400, 389,
563, 380, 355,
402, 391, 384,
384, 391, 370,
394, 387, 404,
380, 387, 365,
367, 515, 519,
364, 373, 346,
386, 373, 364,
409, 401, 395,
420, 413, 401,
401, 413, 390,
405, 573, 569,
399, 387, 380,
387, 394, 374,
389, 566, 562,
517, 513, 384,
391, 397, 378,
406, 397, 391,
385, 512, 516,
560, 564, 371,
392, 379, 354,
393, 381, 373,
373, 381, 357,
381, 515, 367,
392, 354, 371,
400, 566, 389,
413, 573, 405,
510, 506, 395,
413, 423, 573,
397, 512, 385,
513, 402, 384,
397, 508, 512,
394, 400, 382,
408, 400, 394,
506, 409, 395,
564, 392, 371,
379, 386, 364,
567, 399, 380,
563, 567, 380,
381, 511, 515,
398, 386, 379,
402, 406, 391,
426, 420, 409,
409, 420, 401,
420, 423, 413,
399, 404, 387,
400, 570, 566,
412, 404, 399,
404, 408, 394,
403, 393, 386,
386, 393, 373,
513, 509, 402,
402, 414, 406,
406, 410, 397,
417, 410, 406,
407, 398, 379,
407, 379, 392,
571, 412, 399,
416, 419, 408,
564, 568, 392,
507, 511, 393,
393, 511, 381,
423, 577, 573,
429, 577, 423,
429, 423, 420,
506, 502, 409,
410, 508, 397,
504, 508, 410,
408, 570, 400,
419, 570, 408,
502, 426, 409,
509, 414, 402,
568, 407, 392,
398, 403, 386,
567, 571, 399,
416, 408, 404,
434, 429, 426,
426, 429, 420,
414, 417, 406,
411, 403, 398,
416, 404, 422,
422, 404, 412,
571, 422, 412,
407, 411, 398,
403, 507, 393,
418, 411, 407,
498, 434, 426,
429, 581, 577,
509, 505, 414,
414, 424, 417,
417, 504, 410,
436, 581, 429,
502, 498, 426,
434, 436, 429,
568, 572, 407,
427, 504, 417,
505, 424, 414,
415, 403, 411,
415, 507, 403,
419, 574, 570,
425, 574, 419,
425, 419, 416,
424, 427, 417,
441, 436, 434,
571, 575, 422,
431, 425, 416,
421, 415, 411,
572, 418, 407,
431, 416, 422,
498, 441, 434,
436, 585, 581,
575, 431, 422,
424, 432, 427,
427, 500, 504,
437, 432, 424,
418, 421, 411,
415, 503, 507,
428, 421, 418,
446, 585, 436,
505, 501, 424,
441, 446, 436,
498, 494, 441,
439, 500, 432,
432, 500, 427,
572, 576, 418,
430, 415, 421,
430, 503, 415,
425, 578, 574,
433, 578, 425,
449, 446, 441,
501, 437, 424,
575, 579, 431,
431, 433, 425,
438, 433, 431,
435, 430, 421,
494, 449, 441,
437, 439, 432,
576, 428, 418,
579, 438, 431,
433, 582, 578,
452, 589, 446,
446, 589, 585,
494, 490, 449,
449, 452, 446,
501, 497, 437,
437, 443, 439,
440, 435, 428,
428, 435, 421,
430, 499, 503,
443, 496, 439,
439, 496, 500,
490, 452, 449,
444, 582, 433,
576, 580, 428,
442, 499, 435,
435, 499, 430,
497, 443, 437,
579, 583, 438,
438, 444, 433,
447, 444, 438,
580, 440, 428,
583, 447, 438,
444, 586, 582,
456, 593, 452,
452, 593, 589,
490, 486, 452,
440, 442, 435,
497, 493, 443,
443, 492, 496,
448, 492, 443,
486, 456, 452,
447, 586, 444,
493, 448, 443,
583, 587, 447,
447, 451, 586,
580, 584, 440,
440, 445, 442,
445, 495, 442,
442, 495, 499,
587, 451, 447,
482, 597, 456,
456, 597, 593,
486, 482, 456,
584, 445, 440,
493, 489, 448,
448, 488, 492,
453, 488, 448,
489, 453, 448,
451, 590, 586,
455, 590, 451,
587, 591, 451,
482, 601, 597,
478, 601, 482,
445, 491, 495,
584, 588, 445,
450, 491, 445,
591, 455, 451,
478, 459, 601,
588, 450, 445,
489, 485, 453,
453, 484, 488,
485, 484, 453,
595, 594, 455,
455, 594, 590,
459, 605, 601,
474, 605, 459,
474, 459, 478,
591, 595, 455,
450, 487, 491,
588, 592, 450,
454, 487, 450,
485, 481, 484,
481, 480, 484,
592, 454, 450,
474, 609, 605,
470, 609, 474,
599, 598, 594,
599, 594, 595,
481, 460, 480,
477, 460, 481,
599, 458, 598,
454, 483, 487,
592, 596, 454,
457, 483, 454,
470, 466, 609,
466, 613, 609,
460, 476, 480,
477, 476, 460,
596, 457, 454,
603, 602, 458,
458, 602, 598,
603, 458, 599,
466, 462, 613,
477, 473, 476,
473, 472, 476,
457, 479, 483,
596, 600, 457,
600, 479, 457,
603, 606, 602,
607, 606, 603,
473, 468, 472,
469, 468, 473,
600, 604, 479,
604, 475, 479,
611, 610, 607,
607, 610, 606,
469, 465, 468,
611, 463, 610,
604, 608, 475,
608, 471, 475,
467, 461, 612,
608, 461, 471,
612, 461, 608,
461, 467, 471,
612, 464, 467,
]