vertices = [
0.0185370576744239,
-0.0012045294830464,
-0.0760811655574059,
0.0868447744369970,
-0.0009095250013144,
-0.1253577301551547,
0.0713541857882484,
0.1162584629971247,
-0.1232299238033647,
-0.0320593448185579,
0.1214091427042773,
-0.0863716683094553,
-0.0262901691613520,
0.1888166541936032,
-0.1057085048007406,
-0.1594811310886133,
0.1598127882278322,
0.0386486338034453,
-0.1992854510410595,
0.0871359111097824,
0.0862644775817825,
-0.2149086647096089,
0.0851273574159134,
0.2371419191893905,
-0.2183923242707033,
-0.1247339958389170,
0.2440750248827024,
-0.0551339452513807,
-0.1459686356533555,
0.2139961658035825,
-0.0355046042707783,
-0.2654512411897652,
0.1999711966308169,
0.1714732818093530,
-0.2647099760481731,
-0.0123286265353926,
0.2091754852271862,
-0.1772737989441912,
-0.0379780331707198,
0.2973412013708098,
-0.1718881379872400,
-0.2492534192070022,
0.2804522557647322,
0.0674175885507219,
-0.2617876430322412,
0.1878646225840590,
0.0721384231826441,
-0.3339456374269887,
0.1767253759246968,
0.3012174779430024,
-0.3361030601786771,
-0.1134818973597786,
0.3241705075474673,
-0.1442829408688930,
-0.1439286932467692,
0.3393889249897567,
-0.1271740979666905,
-0.3520053800289889,
0.3284672410802297,
0.1721449522710471,
-0.3351061835463235,
0.0910567726452970,
0.1841762709497054,
-0.2921879408186870,
0.0637843287838237,
0.3526956970231180,
-0.2867061398497049,
-0.2221983556040408,
0.3582001022265561,
-0.0273806466043246,
-0.2474342679970444,
0.2979732319141668,
-0.0229311801879323,
-0.3910874490786091,
0.2814887720198890,
0.2719092942852374,
-0.3887968843294990,
-0.0162954646120377,
0.3000002686912542,
-0.2573170838761197,
-0.0469187740850245,
0.4078538656117074,
-0.2444651870522670,
-0.3357004679782642,
0.4008024039315735,
0.0819862351986070,
-0.3656203778452798,
0.2012563157604500,
0.1637042786795448,
-0.4030924554456930,
0.1552903897359861,
0.4126559009015708,
-0.3978031456146521,
-0.2020595553560910,
0.4281816792826437,
-0.1159461341439754,
-0.2323310812800754,
0.4065970177213870,
-0.1066684158337847,
-0.4601242497980863,
0.3896071061628860,
0.2658236954835509,
-0.4455775653366739,
0.0666217605532322,
0.2722329915254529,
-0.3586750267777297,
0.0423933273679544,
0.4568484303372933,
-0.3433566369401825,
-0.3109988156024231,
0.4623415951138256,
-0.0008670918193313,
-0.3523657264972327,
0.2948813947465586,
0.0712068080032148,
-0.4506001277437252,
0.2556481989296212,
0.3815387561585617,
-0.4501956527578838,
-0.1048736850636645,
0.4024949299685909,
-0.2250310717178600,
-0.1390289630664857,
0.4525368356240178,
-0.2072246806615715,
-0.4302151760939925,
0.4426637220784522,
0.1757237829407514,
-0.4487956656262524,
0.1629610521661657,
0.2430988367688938,
-0.4552955280758803,
0.1279903114370605,
0.5024315198094593,
-0.4363844153504129,
-0.2866010436025446,
0.5157840689547302,
-0.0819707144356663,
-0.3258727559515842,
0.3864900433919546,
-0.0170833041299967,
-0.5020378195264129,
0.3535336303771024,
0.3581174605082884,
-0.5077306593378531,
-0.0112991163984110,
0.3803547663532151,
-0.3344924144260616,
-0.0513420699398266,
0.5159727470970569,
-0.3156200715874992,
-0.4181091376426143,
0.5142719814621701,
0.0952754619611038,
-0.4522701301664838,
0.2726879122930366,
0.1531035729515678,
-0.5134016999915081,
0.2369885288491774,
0.4821113591161569,
-0.5016870255671780,
-0.1941871357747634,
0.4990060870270226,
-0.1915986613192519,
-0.2274621499191470,
0.5015720379373662,
-0.1740842278342733,
-0.5256098236183562,
0.4838422757003787,
0.2681653641251706,
-0.5322055316703900,
0.1053047656457779,
0.3351327756141896,
-0.4309850874016329,
0.0446621990199340,
0.5508433903571006,
-0.4077662517469925,
-0.3789965918847439,
0.5569668677664951,
0.0052629678883635,
-0.4177013190821571,
0.3672261793154957,
0.0624443876888874,
-0.5508532919241962,
0.3285189468316798,
0.4494037410870110,
-0.5455928742383911,
-0.1025461230219845,
0.4703474194120100,
-0.2912814587201809,
-0.1457765428281070,
0.5460608304985501,
-0.2632791917423726,
-0.5032381456891508,
0.5353073197860776,
0.1913766947072338,
-0.5254128307979455,
0.2103926341296940,
0.2400173909172673,
-0.5375261146691956,
0.1878710893538411,
0.5562935572204050,
-0.5168610442107257,
-0.2830898843685331,
0.5729427033336706,
-0.1404978346722446,
-0.3143157192888262,
0.4758477774327490,
-0.0902072832985590,
-0.5615029005785570,
0.4468724610567533,
0.3525249948477832,
-0.5871037594746866,
0.0423725586250618,
0.4150531849710114,
-0.4229861949883567,
-0.0151579055044959,
0.6036750656417486,
-0.4046525917423519,
-0.4605600349182374,
0.6095300617406785,
0.0682094248480769,
-0.4982197121012316,
0.3590326321981657,
0.1258488070830627,
-0.6050292554136765,
0.3202638414042761,
0.5314534639192078,
-0.5917060322605588,
-0.1747042623045064,
0.5482887456907735,
-0.2671291962149920,
-0.2250304309981377,
0.5851556455379388,
-0.2311396684094708,
-0.5855433049682183,
0.5679046919892048,
0.2706612441805870,
-0.5906749346800874,
0.1631480194792618,
0.3170768713579788,
-0.5170504221582680,
0.1166544740137806,
0.5964908795829217,
-0.4935791315303236,
-0.3595163436431261,
0.6068863285859968,
-0.0671359005811206,
-0.3957043679789179,
0.4545264580774118,
-0.0160591029221346,
-0.5995116312272795,
0.4160538606616545,
0.4325206368701681,
-0.6040407224338165,
-0.0341026029860756,
0.4766719611763486,
-0.3741838505922092,
-0.0895146871347312,
0.6075801378126406,
-0.3448257206773358,
-0.5095467786453058,
0.6009822716856096,
0.1445341572706987,
-0.5430809592430521,
0.2924234681419691,
0.2024835829011065,
-0.5981646879048735,
0.2582295515139566,
0.5749335739892716,
-0.5796519282400356,
-0.2520948769694132,
0.5961840472433949,
-0.2080669950219207,
-0.3014190038750362,
0.5536757430933842,
-0.1531275752645596,
-0.6123677625637513,
0.5277190843999067,
0.3443832210010399,
-0.6382979941136401,
0.1014430981150592,
0.3966576740521008,
-0.5025741121241406,
0.0496057578201646,
0.6445555812424920,
-0.4778032665637943,
-0.4350649080057405,
0.6464877775983547,
-0.0000696591708543,
-0.4741641966653928,
0.4349487530476432,
0.0531221466143267,
-0.6388618813299305,
0.3931410347277675,
0.5119917467174180,
-0.6334974893905696,
-0.1063010326574530,
0.5534934706618254,
-0.3420398187472253,
-0.1632645643481057,
0.6304300376177274,
-0.3045147750607918,
-0.5780408061277008,
0.6205038277205837,
0.2197905906075356,
-0.6079968792088245,
0.2415473575369280,
0.2892740338914653,
-0.5991298980356604,
0.1928915989484528,
0.6330147048985084,
-0.5736555078738655,
-0.3399415499487492,
0.6516128621699667,
-0.1361059611656843,
-0.3828977158884986,
0.5360022056713981,
-0.0825991897292571,
-0.6520567443462288,
0.4990559589146584,
0.4242792362009867,
-0.6695893049417633,
0.0223758760707724,
0.4795426009716708,
-0.4610364121755410,
-0.0392246529593456,
0.6750719222442576,
-0.4203470294744514,
-0.5335528624423337,
0.6709957929737312,
0.1112289282686713,
-0.5694198231607015,
0.3695242750185115,
0.1743939856238669,
-0.6647128265388970,
0.3270829313004345,
0.6045953004922718,
-0.6467234353545543,
-0.2306718860718628,
0.6212448768410104,
-0.2796866956651525,
-0.2862566388191610,
0.6261860738714793,
-0.2136355389243293,
-0.6545591173443255,
0.6015047239416680,
0.3311599314783841,
-0.6594563670309924,
0.1751568709275808,
0.3642436350069925,
-0.5742682297967467,
0.1205723601007169,
0.6693204921418603,
-0.5469042705622126,
-0.4131598047840556,
0.6823181777519586,
-0.0639008346123567,
-0.4563067237473187,
0.5050073343239635,
-0.0094726244853937,
-0.6787629959883417,
0.4623019305817822,
0.4957101132558804,
-0.6820851432895240,
-0.0485136373260433,
0.5409146734678186,
-0.4154311282031408,
-0.1118019148053644,
0.6812301261946998,
-0.3729951920320008,
-0.5835452485383983,
0.6742539177592037,
0.1810222591113096,
-0.6142625074647221,
0.3156561657683912,
0.2444125162825039,
-0.6567285115801691,
0.2654624611823292,
0.6445000985538667,
-0.6330640144783367,
-0.2999091078433604,
0.6630886989531473,
-0.2092315465463644,
-0.3527484122561231,
0.6038149674324412,
-0.1468047978161316,
-0.6851366558100784,
0.5684595724583158,
0.4014596430382747,
-0.7034479983129104,
0.0800312775323116,
0.4600211825731759,
-0.5265641134695910,
0.0194248176789171,
0.7057070179861477,
-0.4807174195687025,
-0.5033141367554048,
0.6952331699210549,
0.0493161046837775,
-0.5434982656450466,
0.4334141450411515,
0.1076628853257531,
-0.6834587975901639,
0.3895044902777918,
0.5840285174399840,
-0.6704986453930813,
-0.1671459220483462,
0.6249539633943704,
-0.3420869605457192,
-0.2259256871346500,
0.6615308619882998,
-0.2813556414732854,
-0.6455456921910437,
0.6496881246571536,
0.2807432902391434,
-0.6765587392889718,
0.2348475220532805,
0.3481532855170950,
-0.6346707238429499,
0.1760544001177651,
0.6977159449698201,
-0.6055223574152778,
-0.4029757403354666,
0.7195533415800252,
-0.1123086235637622,
-0.4509082283375486,
0.5643263124481118,
-0.0582932329275257,
-0.7175317105901952,
0.5237164554925985,
0.4910544214181708,
-0.7346504354301079,
-0.0098330696164633,
0.5442514943558026,
-0.4778279317035573,
-0.0767840361438117,
0.7320287204046200,
-0.4325005831619510,
-0.5985599291141884,
0.7220331821538531,
0.1481710876999825,
-0.6324712669684954,
0.3757756582747541,
0.2159498219016217,
-0.7135743592320150,
0.3232273532305716,
0.6646178155819943,
-0.6915716858018344,
-0.2764934923747521,
0.6801898759482227,
-0.2680570999397546,
-0.3364488950917629,
0.6650211117853867,
-0.2006831519661336,
-0.7120249216809992,
0.6264810971616092,
0.3851362208671612,
-0.7106790220960700,
0.1381908078337206,
0.4276260899762935,
-0.5785104751394415,
0.0774562204987453,
0.7183691317038317,
-0.5403807125428500,
-0.4781436246439170,
0.7209456680272242,
-0.0091173833702262,
-0.5221642584132282,
0.4954795303536310,
0.0465177133146139,
-0.7140990710593498,
0.4485929735517939,
0.5635268703049718,
-0.7063097208672037,
-0.1112014618385693,
0.6038981691502295,
-0.3985187038392334,
-0.1737960231257698,
0.7017039737191653,
-0.3420863197212776,
-0.6402405525436317,
0.6972275704777434,
0.2378665674822847,
-0.6686105028999135,
0.2895222809094528,
0.3039952884411215,
-0.6712249796352986,
0.2313945333939338,
0.6946412724564458,
-0.6421373226284789,
-0.3611809532349708,
0.7114130434801315,
-0.1701478511993907,
-0.4136965119232020,
0.6052924393017841,
-0.1139075639338406,
-0.7326402089213677,
0.5691448823327324,
0.4617312368370380,
-0.7468487758444881,
0.0460987851469025,
0.5179632427506285,
-0.5263271446242254,
-0.0207172621906579,
0.7458823141294475,
-0.4805961255261698,
-0.5646825709709165,
0.7389787484609363,
0.0926469131895193,
-0.6048589125134769,
0.4283023279715404,
0.1552788708839393,
-0.7248161838988966,
0.3818104022729175,
0.6454303659413406,
-0.7083347944583207,
-0.2182029637626539,
0.6828578949782034,
-0.3262149056024424,
-0.2802370299745099,
0.6892781592819944,
-0.2612323293029998,
-0.7010867228424154,
0.6666709294121678,
0.3388261240170092,
-0.7220898817473166,
0.2001919487412115,
0.4042415605098100,
-0.6363775147789877,
0.1365061143234118,
0.7369020030195749,
-0.6011584896797362,
-0.4589847221253319,
0.7509698030402796,
-0.0649541409045271,
-0.5082219517393235,
0.5579678140693823,
-0.0063314970277202,
-0.7505305859973396,
0.5091903150325545,
0.5465101657367561,
-0.7476262525355951,
-0.0674661558120437,
0.5959349334781198,
-0.4603889522453194,
-0.1304726507973592,
0.7468313725058727,
-0.4028429896335441,
-0.6439294326865075,
0.7443490448956573,
0.1974546865165343,
-0.6777755938674603,
0.3479587152202335,
0.2701821602754956,
-0.7165410030198899,
0.2889934366027402,
0.7072071315914032,
-0.6894021913446901,
-0.3312900579505408,
0.7237620864194356,
-0.2302942128995280,
-0.3900202100217415,
0.6572228641822020,
-0.1696225936908050,
-0.7539389187495543,
0.6242578582306897,
0.4399632154718731,
-0.7631643505055437,
0.1041464263289099,
0.4917229686036637,
-0.5814912898975797,
0.0373359770745683,
0.7674768522519473,
-0.5354380808117939,
-0.5409251501584437,
0.7621168276784673,
0.0399093641456487,
-0.5850502495119787,
0.4856305734666031,
0.0979141012405232,
-0.7469828425904261,
0.4414182760663722,
0.6270486510784601,
-0.7349642127504991,
-0.1645842535763957,
0.6669167332521551,
-0.3864643544182353,
-0.2304893235489153,
0.7241914060631682,
-0.3207551488704463,
-0.6992703996400068,
0.7109946344188663,
0.2957993639415306,
-0.7283330317423027,
0.2610559342397348,
0.3592838800239402,
-0.6892950117585129,
0.1969105467944852,
0.7500139367430612,
-0.6573725962764875,
-0.4190677421129438,
0.7647822206552383,
-0.1402920328184662,
-0.4737583223500307,
0.6155293618903188,
-0.0696968708049339,
-0.7719203735252462,
0.5694499585246637,
0.5262981125514616,
-0.7877341439502682,
0.0107335288732454,
0.5771043812673635,
-0.5226419967790402,
-0.0644109270123591,
0.7822928260232515,
-0.4764141476710256,
-0.6219034310964087,
0.7709789037070647,
0.1401851602080660,
-0.6616605671812299,
0.4173290208939386,
0.1957810685933336,
-0.7609739802195850,
0.3583095740131419,
0.6971312434041524,
-0.7413792264299756,
-0.2612238990419927,
0.7269437881989947,
-0.2880629125474783,
-0.3271050392904035,
0.7151628803803174,
-0.2332772044934546,
-0.7485407729964836,
0.6749963128634109,
0.3953329822073831,
-0.7606916460548859,
0.1628380132349320,
0.4583047996515027,
-0.6269876664645979,
0.0956447244929817,
0.7717171808244004,
-0.5856511465274467,
-0.5112691242919635,
0.7760746997320177,
-0.0182372964070108,
-0.5594559048534491,
0.5386276816533648,
0.0460625583114179,
-0.7727984720395058,
0.4931222733351774,
0.5989734759058727,
-0.7658508931243334,
-0.1185480057638505,
0.6431306015213981,
-0.4379748214826995,
-0.1828672062416408,
0.7569744873850458,
-0.3731578715300320,
-0.6845393609605422,
0.7506067554384415,
0.2502848716343865,
-0.7156088315344956,
0.3131897220903693,
0.3189463166184329,
-0.7256729937761656,
0.2506195645826894,
0.7422959338203385,
-0.6937201271551390,
-0.3813105818436444,
0.7587408728673071,
-0.1934987789709877,
-0.4392475510129232,
0.6554354448008297,
-0.1268834845214043,
-0.7841306731120454,
0.6119387431835145,
0.4910337804425136,
-0.7988075777156779,
0.0593409173127301,
0.5434539719209931,
-0.5693406948975787,
-0.0123708074142221,
0.7959243382834913,
-0.5233096523881976,
-0.5935695861389859,
0.7914629800537928,
0.0905229965056545,
-0.6366454076846539,
0.4685839542947303,
0.1428092512218236,
-0.7751856380009841,
0.4201279120788151,
0.6777735425094950,
-0.7599317900536322,
-0.2105804964868728,
0.7156604934847668,
-0.3654479419304601,
-0.2797746519352393,
0.7408040098234221,
-0.2876026271128224,
-0.7442457521450426,
0.7144960304059536,
0.3498226929505927,
-0.7673042806513177,
0.2217584964226147,
0.4072040754090844,
-0.6870299635997685,
0.1533666365776270,
0.7842286760308282,
-0.6518076058834361,
-0.4664364721037681,
0.7895827032303335,
-0.0979861668872679,
-0.5216411475373206,
0.6075659339408214,
-0.0268697735371306,
-0.7969052376560075,
0.5491180424591454,
0.5769879154358197,
-0.7898908022701320,
-0.0394557379867500,
0.6251825848141623,
-0.4997349454928385,
-0.1087673837659180,
0.7936138065000315,
-0.4463363794490846,
-0.6643287334476022,
0.7939397427649622,
0.1791411819410226,
-0.7037384734137495,
0.3870594098590545,
0.2487316346395894,
-0.7610850378767097,
0.3251257198544092,
0.7362674172385085,
-0.7349191847934622,
-0.3128158310391311,
0.7650864491180552,
-0.2551842351815000,
-0.3782840587526582,
0.7048216448318142,
-0.2090149436588270,
-0.7871811115759457,
0.6699052060636657,
0.4469408105079675,
-0.8016776785242885,
0.1413812841844813,
0.5081764867990518,
-0.6274912498965464,
0.0705774089625074,
0.8106097643719998,
-0.5813285414616675,
-0.5593816782567981,
0.8069116427261621,
0.0168294754971669,
-0.6077085813170433,
0.5298676524508935,
0.0924078528554793,
-0.7977719487465812,
0.4930148449769444,
0.6461230282415142,
-0.7871948673022530,
-0.1645195186953897,
0.6882216959788057,
-0.4365846669443914,
-0.2291739402931732,
0.7732030522341694,
-0.3713437504818408,
-0.7266685594541901,
0.7598097084227556,
0.2915088225942672,
-0.7575908194586308,
0.3068265124823905,
0.3565968199786533,
-0.7382803503317263,
0.2388002297227148,
0.7825122761713711,
-0.7073750034304550,
-0.4190184061207978,
0.7989727602772791,
-0.1744033645094147,
-0.4774372064922286,
0.6674311599902711,
-0.0956476320359076,
-0.8110782002842731,
0.6220686924180769,
0.5318064003169445,
-0.8317893383527272,
0.0277667159012952,
0.5852048434767262,
-0.5731023051375044,
-0.0515055000557291,
0.8218368319022514,
-0.5201896469427093,
-0.6357529341393038,
0.8130446237049642,
0.1299068755363830,
-0.6781504413535084,
0.4614467143182888,
0.1785667019153474,
-0.8026525628156941,
0.3987151705826935,
0.7131396736158216,
-0.7843306710502056,
-0.2486831027865240,
0.7408925529935858,
-0.3316574716891983,
-0.3193449421866008,
0.7590141121430003,
-0.2590166579353195,
-0.7817168031055802,
0.7209929702930439,
0.3898949266064135,
-0.7982025698548350,
0.1896857092345419,
0.4468247800394773,
-0.6755033911693376,
0.1187477496391935,
0.8120570649109491,
-0.6352145650190715,
-0.5040901071549120,
0.8080427891307894,
-0.0593452878168293,
-0.5583834217556183,
0.5891913821568908,
0.0124561795756905,
-0.8097795572290282,
0.5344267833478370,
0.6205668213182819,
-0.8026885969883729,
-0.0842194763936028,
0.6641657351949265,
-0.4789933420620099,
-0.1514953661296673,
0.7973263553580261,
-0.4175437341759760,
-0.7011195475143811,
0.7879855461491658,
0.2245106861963414,
-0.7360332716450518,
0.3548440444081839,
0.2957912191957689,
-0.7635675455860664,
0.2900537001149301,
0.7648910428819852,
-0.7330580228123140,
-0.3612832640611365,
0.7912268333103132,
-0.2223336992095782,
-0.4250518474272503,
0.6984027824101601,
-0.1664734643400324,
-0.8039035670028959,
0.6566056048402896,
0.4891266244133779,
-0.8130905223930930,
0.0992237924171876,
0.5463703658980611,
-0.6119511605708685,
0.0278289720113819,
0.8171237605510229,
-0.5647360620710465,
-0.5961995121131618,
0.8159729250626846,
0.0555163550195008,
-0.6434611387086772,
0.5098432307622440,
0.1308913089849521,
-0.8156027988017093,
0.4620520711344423,
0.6769745594175364,
-0.8015344280601645,
-0.2040979088957816,
0.7147634875561242,
-0.4051028384365888,
-0.2693062621456639,
0.7800455628237331,
-0.3334581697873155,
-0.7478382168029267,
0.7519899138987590,
0.3316739462305135,
-0.7754654716509354,
0.2667545919003949,
0.3945266829614819,
-0.7254917090788413,
0.1970576695502116,
0.7966981193965397,
-0.6906561436537482,
-0.4552115097566029,
0.8129044247755142,
-0.1324415469136179,
-0.5118620516342164,
0.6468988324881652,
-0.0572986661697599,
-0.8229510504318703,
0.5952342342433088,
0.5663544293286924,
-0.8249692477350087,
-0.0162133464443747,
0.6174083963586607,
-0.5443338106516971,
-0.0937161818856311,
0.8313637933928406,
-0.4892568796756292,
-0.6646700815494172,
0.8328766583797347,
0.1647445814570662,
-0.7051377354569536,
0.4290490462027247,
0.2231357364354503,
-0.7954705910216221,
0.3665372524543915,
0.7413845425013716,
-0.7733981013138373,
-0.2922603457282964,
0.7704644118398583,
-0.2984047092028816,
-0.3603681414896198,
0.7437713795325375,
-0.2391032293914362,
-0.8162230556816361,
0.7063084954153733,
0.4277257427871083,
-0.8328978177199233,
0.1687757669682602,
0.4877175872749131,
-0.6647351419662032,
0.0934976475261745,
0.8445487278356387,
-0.6207217507640337,
-0.5437695478582127,
0.8236587791572763,
-0.0213324196007425,
-0.5954712004122903,
0.5703760119263090,
0.0538185204306238,
-0.8200852035572019,
0.5326280285795554,
0.6616082705731280,
-0.8120926458811139,
-0.1269403211905893,
0.7056169928768419,
-0.4728169530761898,
-0.1952145204960979,
0.8011994312508786,
-0.4074603142153439,
-0.7437892874440026,
0.7968428936840941,
0.2718718395522132,
-0.7771964790089431,
0.3408077133499936,
0.3396918515142753,
-0.7749529633601788,
0.2712073896921552,
0.8040462363529077,
-0.7433458245629988,
-0.4042409301942638,
0.8268769870291236,
-0.2011270691873008,
-0.4681330401099060,
0.7050758668108039,
-0.1290568844975246,
-0.8338878079903782,
0.6612998326405759,
0.5313120446437132,
-0.8455977702591927,
0.0624619363822488,
0.5875527929279207,
-0.6122818935063661,
-0.0100913916050842,
0.8404560383242679,
-0.5579099126636967,
-0.6378989480240291,
0.8393448160138968,
0.0909695939642679,
-0.6847091050973845,
0.4990011107246853,
0.1638648147726641,
-0.8364888889738372,
0.4382923422093975,
0.7221117183876428,
-0.8193853023437244,
-0.2384167872564179,
0.7598745470203898,
-0.3709346425813340,
-0.3072727489696964,
0.7930064654807508,
-0.3037809331957492,
-0.7839190130760497,
0.7581510722595372,
0.3753880918381242,
-0.8092894309105069,
0.2353797569626516,
0.4387925781187677,
-0.7217148221360064,
0.1630156993329180,
0.8277251400179957,
-0.6823635601679614,
-0.5005428805819018,
0.8380043108644064,
-0.0933426479398636,
-0.5580292841760750,
0.6352018171723802,
-0.0184864867870135,
-0.8440386811688995,
0.5792405846660614,
0.6082792960552074,
-0.8372106661415711,
-0.0601223207752396,
0.6588536145556405,
-0.5269640092188658,
-0.1300803607838067,
0.8382066486142050,
-0.4666480884808736,
-0.7033532022111950,
0.8266690440279562,
0.2040255158613069,
-0.7429024199720133,
0.4037536121357907,
0.2704428791518616,
-0.7999560471491964,
0.3389233636952699,
0.7758822767023014,
-0.7698711070969688,
-0.3384429656411098,
0.8038122925087976,
-0.2692784962932878,
-0.4056735693008908,
0.7394591445461021,
-0.2019375658687634,
-0.8273871542338875,
0.7030302022742400,
0.4721299786430653,
-0.8418943771156019,
0.1324642146245916,
0.5313237826738917,
-0.6609760112209144,
0.0560180502208882,
0.8500970377708711,
-0.6120431786275894,
-0.5871198811985031,
0.8475967104845082,
0.0168665993687883,
-0.6395320123737951,
0.5568908456518998,
0.0913915496487003,
-0.8415702671847041,
0.5034851365900074,
0.6867617935322488,
-0.8301397608594712,
-0.1668856650754418,
0.7297990406328850,
-0.4419738283521174,
-0.2371848254293783,
0.8142235795163438,
-0.3739058665610605,
-0.7662749825240166,
0.7923834076066224,
0.3113587926402471,
-0.7966603870770619,
0.3057009489181746,
0.3794379634119560,
-0.7657795449476988,
0.2342346450907899,
0.8207636623914604,
-0.7315858234941272,
-0.4458618787177365,
0.8366554404971667,
-0.1649082057642276,
-0.5071838266446592,
0.6893191380194437,
-0.0917990248989522,
-0.8479555413335658,
0.6390128325925626,
0.5661867544984969,
-0.8573205803991040,
0.0022395651253204,
0.6202404348050898,
-0.5877971386206239,
-0.0710953079371694,
0.8558640044093365,
-0.5312563236251774,
-0.6706529557810464,
0.8477946335968828,
0.1276367063301415,
-0.7143863379436745,
0.4700046654190946,
0.2040798113599212,
-0.8310081400059500,
0.4081799440876759,
0.7488279990861644,
-0.8095484216992728,
-0.2776057516419555,
0.7806408494446883,
-0.3389039036845287,
-0.3480950153883483,
0.7823359047183002,
-0.2787673898781576,
-0.8108640621966905,
0.7475251942731078,
0.4153649131648691,
-0.8312797609185245,
0.2063098405608801,
0.4735291755455059,
-0.7059534744844176,
0.1312053321553848,
0.8465005187263275,
-0.6629716766104383,
-0.5332495545213759,
0.8500242496111028,
-0.0553853548122943,
-0.5917124391332003,
0.6138929165475675,
0.0201067929953618,
-0.8505388032033492,
0.5659202978537827,
0.6418112148914304,
-0.8447726977566946,
-0.0978085617381866,
0.6890972801654922,
-0.5071276476685607,
-0.1675051191260148,
0.8338202391606330,
-0.4429062885120950,
-0.7308821053887490,
0.8198886505223162,
0.2434289672661720,
-0.7675623846638086,
0.3768731032658514,
0.3092210085860579,
-0.7984899117631790,
0.3084043751167587,
0.7976732726893740,
-0.7687074798557992,
-0.3755327940650897,
0.8232860150204994,
-0.2374813016964177,
-0.4420275193332704,
0.7325813873373916,
-0.1646306689557719,
-0.8402204907550511,
0.6901149168594092,
0.5060379792648760,
-0.8489128530060719,
0.0974044070930232,
0.5643280013081244,
-0.6436179537525503,
0.0202402409185608,
0.8548514728646003,
-0.5917205346052378,
-0.6194791380027399,
0.8531240388626478,
0.0530360610990682,
-0.6699943868175104,
0.5341278747017283,
0.1271993116682398,
-0.8491669244831933,
0.4729507039831742,
0.7124076471127881,
-0.8348821193369419,
-0.2030039250038708,
0.7513174175513491,
-0.4059957320405332,
-0.2749203512109910,
0.8132281844578313,
-0.3396353582656174,
-0.7849405201999849,
0.7839461244508574,
0.3475279566390994,
-0.8110288886866566,
0.2712331669491052,
0.4149647559012138,
-0.7522740212419443,
0.1991386033530745,
0.8318912325817321,
-0.7127303916491549,
-0.4800968285144550,
0.8478057673004650,
-0.1298783013892793,
-0.5386387514930959,
0.6667751217252530,
-0.0552422337566278,
-0.8568295051787933,
0.6141104794247688,
0.5972639246715277,
-0.8570803130888921,
-0.0334936485557980,
0.6472307361091338,
-0.5612410365240703,
-0.1023423246040783,
0.8698241337609502,
-0.5023103640097147,
-0.6949006200523540,
0.8609565886262289,
0.1816571529009164,
-0.7361295895712303,
0.4399584321358128,
0.2424118078673511,
-0.8224857063248413,
0.3783133899120035,
0.7717643209189389,
-0.7975077181059247,
-0.3169154257751818,
0.8022550923468208,
-0.3079787458942909,
-0.3836656638074813,
0.7673908441729159,
-0.2399979406247748,
-0.8478930893355839,
0.7311985794366034,
0.4484913396754847,
-0.8654428552265770,
0.1623776829442727,
0.5078302399847860,
-0.6922527977492443,
0.0836676387384487,
0.8763703478607549,
-0.6456291665832025,
-0.5664438046603433,
0.8568411554838961,
-0.0184971171300027,
-0.6219858377309072,
0.5903812871612406,
0.0560604978087826,
-0.8546938162814474,
0.5456029216522961,
0.6911236577356430,
-0.8461029330470498,
-0.1337708765648626,
0.7374090668084989,
-0.4805458255814096,
-0.2041744046352469,
0.8341082872504249,
-0.4115991753822440,
-0.7772397228150405,
0.8248436646708188,
0.3060740808886169,
-0.8113110329673603,
0.3401587286266373,
0.3718494656954293,
-0.7976766984623468,
0.2659391374344910,
0.8385458277920794,
-0.7658644442695129,
-0.4309486446352123,
0.8602915901559895,
-0.1894265356773421,
-0.4973137405958035,
0.7247916786928655,
-0.1120243400615882,
-0.8729781964079788,
0.6774443254776017,
0.5606431042413159,
-0.8729223448098058,
0.0329194836183643,
0.6192792198256197,
-0.6247433572915283,
-0.0388848965251573,
0.8555494415051300,
-0.5664889995020155,
-0.6725073056853405,
0.8733232378220901,
0.1030843103286121,
-0.7207715033022395,
0.5039919333614371,
0.1823197168991970,
-0.8617537275882934,
0.4372834763453829,
0.7634809378091408,
-0.8422329518053848,
-0.2591027926342385,
0.7999749246246871,
-0.3664611693492491,
-0.3329367195736881,
0.8145064765648032,
-0.3153174127209803,
-0.8181955837907541,
0.7806317315161838,
0.4043726710331944,
-0.8449905221189710,
0.2396565872769735,
0.4727422376478524,
-0.7412666896231211,
0.1621716992309458,
0.8637895414952511,
-0.6988604381507283,
-0.5338195620213860,
0.8741265127526426,
-0.0832265764320415,
-0.5886749391302020,
0.6525811953781656,
-0.0040914125891393,
-0.8784975280969716,
0.6040852082442636,
0.6351348984825962,
-0.8732616130816575,
-0.0735744731392823,
0.6892765622960465,
-0.5445773570777797,
-0.1544590391179511,
0.8662021506207648,
-0.4799533033884270,
-0.7361044690631124,
0.8497689518860404,
0.2315391300460236,
-0.7770937799920308,
0.4119226621254770,
0.2878664971050714,
-0.8300815435035857,
0.3405787704992104,
0.8114952721434631,
-0.8014741897963692,
-0.3561200233872157,
0.8394039787075149,
-0.2665750439207379,
-0.4283364285370492,
0.7667445632904848,
-0.1897944726791243,
-0.8604320728611041,
0.7259859795973207,
0.4972611338344867,
-0.8754098697385606,
0.1116701941875045,
0.5608573223811406,
-0.6787610093773516,
0.0327810554834981,
0.8817961332669770,
-0.6259828750367038,
-0.6192709991282929,
0.8797255715093502,
0.0240866205921456,
-0.6722971944496688,
0.5685929072811152,
0.1028596539939076,
-0.8741939297440515,
0.5043294265306300,
0.7220416802771489,
-0.8615487707579429,
-0.1811330730410547,
0.7643422470771575,
-0.4368011606737248,
-0.2581808374883517,
0.8421344118896671,
-0.3662522764848252,
-0.8016551492315779,
0.8097980501730977,
0.3591708503559313,
-0.8322096792182762,
0.2927442870889381,
0.4292119653434517,
-0.7752193197807399,
0.2165607422235668,
0.8557228740393438,
-0.7405083880448254,
-0.4817937693365065,
0.8750238998758726,
-0.1371862043164443,
-0.5432104342357303,
0.6957456561495722,
-0.0578371233241819,
-0.8843838134095736,
0.6451464986241450,
0.6007801422721263,
-0.8832839530752118,
-0.0197009696924788,
0.6571354729264781,
-0.5891368835376563,
-0.0770737068283103,
0.8827925494716797,
-0.5278693476367884,
-0.7079688019666718,
0.8669083509501668,
0.1549314959636338,
-0.7532497765835782,
0.4621126291133635,
0.2337903052784575,
-0.8510007013629635,
0.3920476131449405,
0.7951783702610962,
-0.8263350406872114,
-0.3081139042593207,
0.8273368099001092,
-0.3187875065549918,
-0.3816595976833235,
0.7962409465167507,
-0.2660220149063299,
-0.8400281396528011,
0.7590354499297149,
0.4522761111802284,
-0.8605733555166938,
0.1893671216158724,
0.5215917696147087,
-0.7163188494124852,
0.1109288514132617,
0.8740628041274143,
-0.6672766166763746,
-0.5830550098833095,
0.8822139647934781,
-0.0318860325297262,
-0.6344105999415631,
0.6147445714560026,
0.0483431423122481,
-0.8822900698444907,
0.5669980173650998,
0.6742719160629753,
-0.8740300056292353,
-0.1270466694388560,
0.7226608867720146,
-0.5036812546515077,
-0.2080905570752895,
0.8615374245717732,
-0.4361254351522176,
-0.7649051777689529,
0.8319191293586456,
0.2803704464607492,
-0.8011743809078001,
0.3656851333336354,
0.3433503288534731,
-0.8102835982582353,
0.2922853673462863,
0.8306089540095422,
-0.7806867553263120,
-0.4067965717457858,
0.8545110717859434,
-0.2165185571644089,
-0.4749664390322955,
0.7411180250112841,
-0.1382265436833840,
-0.8678531743043512,
0.6956280998713713,
0.5399594915211267,
-0.8805714531226388,
0.0578626349719275,
0.5999125162350681,
-0.6443575118446412,
-0.0202440396313988,
0.8794508717673757,
-0.5877765547609266,
-0.6551930732259958,
0.8761255425986096,
0.0766504117455087,
-0.7052900728418438,
0.5266224987415734,
0.1549847030378750,
-0.8679910441174260,
0.4600574973163527,
0.7492325867580402,
-0.8508881758967147,
-0.2324560377149765,
0.7879169963504539,
-0.3905916390456257,
-0.3076863558180924,
0.8257944825306710,
-0.3419874807362560,
-0.8152434599148525,
0.7936364820118368,
0.3806728918946303,
-0.8410783168832395,
0.2658004275392299,
0.4495646958386565,
-0.7561725908314458,
0.1884797957231835,
0.8609241750017129,
-0.7192562440012107,
-0.5102254356032077,
0.8732818586687854,
-0.1097823297981641,
-0.5676882708320987,
0.6744730557007603,
-0.0309665839479432,
-0.8794455211796595,
0.6284432243422164,
0.6230911875201460,
-0.8822318174540333,
-0.0484790119919730,
0.6760508933399300,
-0.5676175452832404,
-0.1285135713323551,
0.8727745572218492,
-0.5037985367222890,
-0.7242472318210404,
0.8586344095521664,
0.2070167458073158,
-0.7661170163755010,
0.4362463731823820,
0.2627241287929599,
-0.8427958012169209,
0.3652874347015305,
0.8012129770094323,
-0.8192814246257785,
-0.3354606106931606,
0.8309340310577537,
-0.2919450772069747,
-0.4076072588616606,
0.7834953510804907,
-0.2158705980232982,
-0.8558009335148230,
0.7424738494046661,
0.4760997561864739,
-0.8727070008032644,
0.1373280445641857,
0.5400315371324261,
-0.6959034749902301,
0.0583046965474527,
0.8815119990774455,
-0.6450212377475552,
-0.5996696034043946,
0.8822548064639729,
-0.0028184186350468,
-0.6541664316198752,
0.5905367425309731,
0.0764756076307327,
-0.8779737793669671,
0.5269106812208032,
0.7084256571000696,
-0.8678706425034828,
-0.1552112244287961,
0.7542555961619846,
-0.4611307889761315,
-0.2325374989291019,
0.8496930979426303,
-0.3908967718427652,
-0.7926855718723548,
0.8163923262122881,
0.3331437322667274,
-0.8249729702367165,
0.3177889784065728,
0.4021459907009990,
-0.7856854654385105,
0.2420163879956966,
0.8502635830426687,
-0.7574940408759072,
-0.4574349513439308,
0.8672046177325280,
-0.1622364618965694,
-0.5222626079308150,
0.7143403180874642,
-0.0839119235810285,
-0.8781928877632906,
0.6647867700458399,
0.5831653930520874,
-0.8856062692082302,
0.0079149478164863,
0.6408894182550809,
-0.6097182322445670,
-0.0492270442625514,
0.8827668727853230,
-0.5497613561196724,
-0.6935166650115758,
0.8764365755046452,
0.1294394175493811,
-0.7399582406612064,
0.4845766585533821,
0.2084042170305245,
-0.8600360397112315,
0.4135211107113689,
0.7793906362451608,
-0.8381172146448420,
-0.2845866167106128,
0.8129525461568881,
-0.3414060081683528,
-0.3589249541712768,
0.8093600867531813,
-0.2937737630649528,
-0.8353837445154375,
0.7730236706702646,
0.4302552726876102,
-0.8586461065841775,
0.2164674582449916,
0.4974958560002187,
-0.7276800811579844,
0.1378406170451703,
0.8748413786035012,
-0.6816595193599614,
-0.5590688018471990,
0.8816291385062967,
-0.0578223061427286,
-0.6134348923533536,
0.6351217904740046,
0.0224612307366171,
-0.8823909803426613,
0.5904255425794127,
0.6588871482969273,
-0.8770047914608168,
-0.1008873479514979,
0.7102547149129786,
-0.5280018948259692,
-0.1818289753089513,
0.8627009917496924,
-0.4612832933593746,
-0.7549796833627357,
0.8462265404996901,
0.2583977656471099,
-0.7937754300694611,
0.3913462429263320,
0.3165502096981544,
-0.8260997289056367,
0.3182081760483679,
0.8258723758174944,
-0.7973223323620419,
-0.3835451988674597,
0.8515836797757478,
-0.2425196111595930,
-0.4544138457626010,
0.7595753255187181,
-0.1643695382092472,
-0.8697912655481820,
0.7153462079839709,
0.5214355975296486,
-0.8773065518007611,
0.0837571095958574,
0.5838836948094003,
-0.6656051340728850,
0.0050968068632830,
0.8818997197607795,
-0.6105829668900505,
-0.6414568103144608,
0.8831564154987900,
0.0500340412035486,
-0.6934520144756304,
0.5507175086069837,
0.1293550667227553,
-0.8768202466999182,
0.4845267358108483,
0.7402829612347774,
-0.8618727736551185,
-0.2078311908492350,
0.7807131083568183,
-0.4155199967150220,
-0.2848204309130483,
0.8392687531421279,
-0.3633092429736915,
-0.8290354365443220,
-0.3381041153240195,
-0.8396302568853230,
-0.3125904909912190,
-0.8494589725338241,
-0.2867916493975882,
-0.8585126154647713,
-0.2607311302065010,
-0.8667829248535023,
-0.2344327118440893,
-0.8742623546131777,
-0.2079203898030685,
-0.8809440802800661,
-0.1812183547485059,
-0.8868220052403955,
-0.1543509704455075,
-0.8918907662930935,
-0.1273427515289628,
-0.8961457385433378,
-0.1002183411356315,
-0.8995830396224540,
-0.0730024884189811,
-0.9021995332303093,
-0.0457200259672916,
-0.9039928319969698,
-0.0183958471456315,
-0.9049612996610109,
0.0089451166176207,
-0.9051040525624933,
0.0362779185789851,
-0.9044209604492411,
0.0635776194420630,
-0.9029126465956890,
0.0908193101129246,
-0.9005804872341860,
0.1179781344279390,
-0.8974266102992793,
0.1450293118333089,
-0.8934538934861207,
0.1719481599956170,
-0.8886659616247676,
0.1987101173227518,
-0.8830671833727769,
0.2252907653746673,
-0.8766626672291047,
0.2516658511435241,
-0.8694582568729547,
0.2778113091828868,
-0.8614605258318235,
0.3037032835657837,
-0.8526767714836101,
0.3293181496515947,
-0.8431150083982619,
0.3546325356419057,
-0.8327839610250330,
0.3796233439056633,
-0.8216930557320257,
0.4042677720541692,
-0.8098524122052794,
0.4285433337466876,
-0.7972728342152557,
0.4524278792076794,
-0.7839657997591430,
0.4758996154369451,
-0.7699434505879761,
0.4989371260942339,
-0.7552185811281248,
0.5215193910401766,
-0.7398046268072637,
0.5436258055157139,
-0.7237156517954704,
0.5652361989425165,
-0.7069663361726407,
0.5863308533272470,
-0.6895719625339286,
0.6068905212528687,
-0.6715484020454315,
0.6268964434405865,
-0.6529120999628472,
0.6463303658663935,
-0.6336800606263112,
0.6651745564166099,
-0.6138698319451100,
0.6834118210672134,
-0.5934994893864244,
0.7010255195721997,
-0.5725876194827120,
0.7179995806466594,
-0.5511533028727785,
0.7343185166307167,
-0.5292160968920118,
0.7499674376209514,
-0.5067960177276611,
0.7649320650564074,
-0.4839135221554482,
0.7791987447467962,
-0.4605894888741693,
0.7927544593310022,
-0.4368451994553239,
0.8055868401545280,
-0.4127023189251477,
0.8176841785550376,
-0.3881828759967713,
0.8290354365457038,
-0.3633092429705386,
0.8396302568866089,
-0.3381041153208263,
0.8494589725350129,
-0.3125904909879885,
0.8585126154658620,
-0.2867916493943231,
0.8667829248544938,
-0.2607311302032045,
0.8742623546140693,
-0.2344327118407643,
0.8809440802808568,
-0.2079203897997181,
0.8868220052410848,
-0.1812183547451332,
0.8918907662936805,
-0.1543509704421155,
0.8961457385438221,
-0.1273427515255546,
0.8995830396228350,
-0.1002183411322102,
0.9021995332305869,
-0.0730024884155499,
0.9039928319971436,
-0.0457200259638536,
0.9049612996610809,
-0.0183958471421898,
0.9051040525624593,
0.0089451166210630,
0.9044209604491031,
0.0362779185824248,
0.9029126465954472,
0.0635776194454969,
0.9005804872338407,
0.0908193101163496,
0.8974266102988306,
0.1179781344313520,
0.8934538934855690,
0.1450293118367068,
0.8886659616241138,
0.1719481599989967,
0.8830671833720212,
0.1987101173261103,
0.8766626672282479,
0.2252907653780013,
0.8694582568719976,
0.2516658511468307,
0.8614605258307669,
0.2778113091861630,
0.8526767714824550,
0.3037032835690266,
0.8431150083970095,
0.3293181496548012,
0.8327839610236843,
0.3546325356450729,
0.8216930557305819,
0.3796233439087883,
0.8098524122037418,
0.4042677720572492,
0.7972728342136258,
0.4285433337497197,
0.7839657997574224,
0.4524278792106610,
0.7699434505861662,
0.4758996154398732,
0.7552185811262272,
0.4989371260971060,
0.7398046268052803,
0.5215193910429903,
0.7237156517934029,
0.5436258055184664,
0.7069663361704911,
0.5652361989452052,
0.6895719625316987,
0.5863308533298695,
0.6715484020431235,
0.6068905212554226,
0.6529120999604631,
0.6268964434430695,
0.6336800606238532,
0.6463303658688034,
0.6138698319425803,
0.6651745564189445,
0.5934994893838254,
0.6834118210694705,
0.5725876194800458,
0.7010255195743773,
0.5511533028700478,
0.7179995806487555,
0.5292160968892190,
0.7343185166327295,
0.5067960177248090,
0.7499674376228788,
0.4839135221525391,
0.7649320650582478,
0.4605894888712059,
0.7791987447485479,
0.4368451994523089,
0.7927544593326636,
0.4127023189220839,
0.8055868401560976,
0.3881828759936615,
0.8176841785565140,
0.3633092429673857,
0.8290354365470854,
0.3381041153176331,
0.8396302568878947,
0.3125904909847579,
0.8494589725362017,
0.2867916493910581,
0.8585126154669528,
0.2607311301999080,
0.8667829248554854,
0.2344327118374394,
0.8742623546149608,
0.2079203897963678,
0.8809440802816475,
0.1812183547417605,
0.8868220052417739,
0.1543509704387235,
0.8918907662942674,
0.1273427515221465,
0.8961457385443063,
0.1002183411287890,
0.8995830396232163,
0.0730024884121188,
0.9021995332308645,
0.0457200259604156,
0.9039928319973175,
0.0183958471387481,
0.9049612996611508,
-0.0089451166245052,
0.9051040525624252,
-0.0362779185858644,
0.9044209604489654,
-0.0635776194489308,
0.9029126465952054,
-0.0908193101197746,
0.9005804872334953,
-0.1179781344347650,
0.8974266102983819,
-0.1450293118401048,
0.8934538934850175,
-0.1719481600023764,
0.8886659616234598,
-0.1987101173294687,
0.8830671833712654,
-0.2252907653813354,
0.8766626672273912,
-0.2516658511501373,
0.8694582568710405,
-0.2778113091894392,
0.8614605258297103,
-0.3037032835722694,
0.8526767714812999,
-0.3293181496580077,
0.8431150083957570,
-0.3546325356482400,
0.8327839610223357,
-0.3796233439119133,
0.8216930557291382,
-0.4042677720603292,
0.8098524122022044,
-0.4285433337527518,
0.7972728342119960,
-0.4524278792136424,
0.7839657997557018,
-0.4758996154428015,
0.7699434505843562,
-0.4989371260999783,
0.7552185811243297,
-0.5215193910458038,
0.7398046268032968,
-0.5436258055212188,
0.7237156517913355,
-0.5652361989478938,
0.7069663361683414,
-0.5863308533324920,
0.6895719625294688,
-0.6068905212579767,
0.6715484020408155,
-0.6268964434455526,
0.6529120999580789,
-0.6463303658712133,
0.6336800606213950,
-0.6651745564212791,
0.6138698319400505,
-0.6834118210717277,
0.5934994893812262,
-0.7010255195765549,
0.5725876194773797,
-0.7179995806508515,
0.5511533028673172,
-0.7343185166347421,
0.5292160968864263,
-0.7499674376248061,
0.5067960177219567,
-0.7649320650600882,
0.4839135221496300,
-0.7791987447502996,
0.4605894888682426,
-0.7927544593343250,
0.4368451994492940,
-0.8055868401576671,
0.4127023189190202,
-0.8176841785579902,
0.3881828759905518,
-0.8290354365484671,
0.3633092429642328,
-0.8396302568891806,
0.3381041153144398,
-0.8494589725373904,
0.3125904909815273,
-0.8585126154680434,
0.2867916493877931,
-0.8667829248564770,
0.2607311301966115,
-0.8742623546158524,
0.2344327118341145,
-0.8809440802824383,
0.2079203897930175,
-0.8868220052424631,
0.1812183547383878,
-0.8918907662948545,
0.1543509704353316,
-0.8961457385447906,
0.1273427515187383,
-0.8995830396235974,
0.1002183411253678,
-0.9021995332311421,
0.0730024884086876,
-0.9039928319974915,
0.0457200259569776,
-0.9049612996612207,
0.0183958471353065,
-0.9051040525623912,
-0.0089451166279474,
-0.9044209604488274,
-0.0362779185893040,
-0.9029126465949636,
-0.0635776194523647,
-0.9005804872331499,
-0.0908193101231996,
-0.8974266102979332,
-0.1179781344381780,
-0.8934538934844660,
-0.1450293118435027,
-0.8886659616228059,
-0.1719481600057561,
-0.8830671833705097,
-0.1987101173328271,
-0.8766626672265344,
-0.2252907653846694,
-0.8694582568700834,
-0.2516658511534440,
-0.8614605258286540,
-0.2778113091927155,
-0.8526767714801450,
-0.3037032835755122,
-0.8431150083945047,
-0.3293181496612141,
-0.8327839610209870,
-0.3546325356514072,
-0.8216930557276945,
-0.3796233439150383,
-0.8098524122006669,
-0.4042677720634091,
-0.7972728342103663,
-0.4285433337557840,
-0.7839657997539812,
-0.4524278792166240,
-0.7699434505825463,
-0.4758996154457297,
-0.7552185811224322,
-0.4989371261028504,
-0.7398046268013134,
-0.5215193910486173,
-0.7237156517892679,
-0.5436258055239711,
-0.7069663361661918,
-0.5652361989505825,
-0.6895719625272390,
-0.5863308533351145,
-0.6715484020385074,
-0.6068905212605307,
-0.6529120999556947,
-0.6268964434480356,
-0.6336800606189370,
-0.6463303658736234,
-0.6138698319375209,
-0.6651745564236138,
-0.5934994893786271,
-0.6834118210739849,
-0.5725876194747137,
-0.7010255195787326,
-0.5511533028645866,
-0.7179995806529477,
-0.5292160968836337,
-0.7343185166367547,
-0.5067960177191044,
-0.7499674376267336,
-0.4839135221467208,
-0.7649320650619286,
-0.4605894888652792,
-0.7791987447520513,
-0.4368451994462791,
-0.7927544593359864,
-0.4127023189159564,
-0.8055868401592368,
-0.3881828759874421,
-0.8176841785594665,
]

triangles = [
0, 5, 2,
5, 10, 2,
0, 8, 5,
5, 18, 10,
7, 4, 2,
2, 4, 0,
0, 3, 8,
15, 7, 2,
1, 3, 0,
13, 18, 5,
8, 13, 5,
4, 1, 0,
23, 15, 10,
10, 15, 2,
39, 31, 18,
18, 31, 10,
31, 23, 10,
1, 6, 3,
16, 21, 8,
8, 21, 13,
13, 26, 18,
16, 8, 3,
20, 12, 7,
7, 12, 4,
4, 9, 1,
1, 14, 6,
28, 20, 15,
15, 20, 7,
11, 16, 3,
34, 26, 13,
17, 9, 4,
6, 11, 3,
42, 34, 21,
21, 34, 13,
60, 39, 26,
26, 39, 18,
57, 36, 23,
25, 17, 12,
12, 17, 4,
44, 23, 31,
23, 36, 15,
36, 28, 15,
22, 14, 9,
9, 14, 1,
6, 19, 11,
52, 44, 31,
39, 52, 31,
41, 33, 20,
20, 33, 12,
37, 29, 16,
16, 29, 21,
14, 19, 6,
11, 24, 16,
78, 57, 44,
44, 57, 23,
62, 41, 28,
55, 47, 34,
34, 47, 26,
39, 73, 52,
29, 42, 21,
47, 60, 26,
33, 25, 12,
30, 22, 9,
32, 24, 11,
49, 28, 36,
28, 41, 20,
59, 38, 25,
30, 9, 17,
14, 27, 19,
24, 37, 16,
29, 63, 42,
38, 30, 17,
76, 55, 42,
42, 55, 34,
47, 81, 60,
70, 49, 36,
40, 32, 19,
19, 32, 11,
71, 50, 37,
94, 73, 60,
60, 73, 39,
52, 65, 44,
86, 65, 52,
57, 70, 36,
91, 70, 57,
46, 25, 33,
25, 38, 17,
75, 62, 96,
49, 62, 28,
41, 54, 33,
35, 27, 14,
65, 78, 44,
75, 54, 41,
73, 86, 52,
65, 99, 78,
50, 63, 29,
54, 46, 33,
68, 47, 55,
68, 81, 47,
73, 107, 86,
89, 68, 55,
56, 35, 22,
22, 35, 14,
43, 22, 30,
81, 94, 60,
37, 50, 29,
58, 37, 24,
78, 91, 57,
83, 62, 49,
61, 40, 27,
27, 40, 19,
32, 45, 24,
53, 45, 32,
97, 76, 63,
63, 76, 42,
64, 43, 30,
45, 58, 24,
80, 59, 46,
46, 59, 25,
38, 51, 30,
62, 75, 41,
54, 67, 46,
83, 49, 104,
120, 65, 86,
120, 99, 65,
78, 112, 91,
104, 49, 70,
128, 107, 73,
125, 104, 70,
72, 51, 38,
76, 89, 55,
68, 102, 81,
149, 128, 94,
141, 120, 86,
92, 71, 58,
58, 71, 37,
50, 84, 63,
94, 128, 73,
107, 141, 86,
115, 94, 81,
74, 53, 40,
40, 53, 32,
45, 79, 58,
123, 102, 68,
88, 67, 54,
146, 125, 91,
91, 125, 70,
117, 96, 83,
138, 83, 104,
83, 96, 62,
75, 88, 54,
136, 115, 81,
133, 78, 99,
133, 112, 78,
77, 56, 43,
43, 56, 22,
35, 48, 27,
85, 64, 51,
51, 64, 30,
154, 133, 99,
105, 84, 50,
76, 110, 89,
109, 88, 75,
84, 97, 63,
69, 48, 35,
48, 61, 27,
162, 107, 128,
162, 141, 107,
120, 154, 99,
144, 123, 89,
89, 123, 68,
102, 136, 81,
93, 72, 59,
59, 72, 38,
101, 80, 67,
67, 80, 46,
157, 136, 102,
115, 149, 94,
201, 146, 112,
112, 146, 91,
159, 138, 104,
170, 149, 115,
87, 66, 53,
53, 66, 45,
131, 110, 76,
159, 104, 125,
96, 130, 75,
126, 105, 71,
71, 105, 50,
152, 131, 97,
97, 131, 76,
175, 154, 120,
133, 167, 112,
183, 162, 128,
141, 175, 120,
66, 79, 45,
138, 117, 83,
79, 92, 58,
90, 69, 56,
56, 69, 35,
48, 82, 61,
151, 130, 96,
122, 101, 67,
118, 97, 84,
95, 74, 61,
61, 74, 40,
80, 93, 59,
72, 85, 51,
230, 175, 141,
180, 159, 125,
206, 151, 117,
130, 109, 75,
80, 114, 93,
149, 183, 128,
162, 196, 141,
238, 183, 149,
110, 144, 89,
123, 157, 102,
199, 144, 110,
122, 67, 88,
178, 157, 123,
136, 170, 115,
106, 85, 72,
64, 77, 43,
98, 77, 64,
188, 133, 154,
188, 167, 133,
146, 180, 125,
191, 170, 136,
235, 180, 146,
251, 196, 162,
143, 122, 88,
167, 201, 112,
209, 154, 175,
243, 188, 154,
290, 235, 201,
117, 151, 96,
198, 143, 109,
109, 143, 88,
172, 117, 138,
172, 138, 193,
74, 87, 53,
66, 100, 79,
147, 126, 92,
139, 84, 105,
139, 118, 84,
233, 178, 144,
113, 92, 79,
92, 126, 71,
246, 191, 157,
157, 191, 136,
170, 204, 149,
160, 139, 105,
165, 110, 131,
144, 178, 123,
103, 48, 69,
103, 82, 48,
74, 108, 87,
285, 230, 196,
196, 230, 141,
259, 204, 170,
183, 217, 162,
85, 98, 64,
77, 90, 56,
111, 90, 77,
264, 209, 175,
207, 152, 118,
118, 152, 97,
164, 109, 130,
135, 80, 101,
121, 100, 66,
193, 138, 159,
185, 164, 130,
272, 217, 183,
201, 235, 146,
248, 193, 159,
256, 201, 167,
256, 167, 222,
204, 238, 149,
127, 106, 72,
85, 119, 98,
127, 72, 93,
82, 95, 61,
87, 121, 66,
214, 159, 180,
186, 165, 131,
135, 101, 156,
135, 114, 80,
298, 243, 209,
209, 243, 154,
148, 127, 93,
156, 101, 122,
306, 251, 217,
217, 251, 162,
230, 264, 175,
124, 103, 69,
150, 129, 95,
269, 214, 180,
165, 199, 110,
134, 113, 79,
126, 160, 105,
185, 130, 151,
280, 225, 191,
191, 225, 170,
327, 272, 238,
246, 157, 212,
261, 206, 172,
172, 206, 117,
227, 172, 193,
222, 167, 188,
235, 269, 180,
240, 185, 151,
277, 222, 188,
181, 160, 126,
241, 186, 152,
319, 264, 230,
243, 277, 188,
142, 121, 87,
100, 134, 79,
212, 157, 178,
267, 212, 178,
238, 272, 183,
251, 285, 196,
293, 238, 204,
173, 118, 139,
152, 186, 131,
165, 254, 199,
288, 233, 199,
199, 233, 144,
202, 147, 113,
113, 147, 92,
129, 74, 95,
129, 108, 74,
340, 285, 251,
155, 134, 100,
177, 122, 143,
177, 156, 122,
203, 148, 114,
345, 290, 256,
256, 290, 201,
140, 119, 85,
145, 124, 90,
140, 85, 106,
303, 248, 214,
214, 248, 159,
194, 173, 139,
169, 114, 135,
114, 148, 93,
161, 140, 106,
324, 269, 235,
332, 277, 243,
222, 311, 256,
314, 259, 225,
225, 259, 170,
253, 198, 164,
164, 198, 109,
90, 124, 69,
116, 95, 82,
132, 77, 98,
232, 177, 143,
282, 227, 193,
206, 240, 151,
185, 219, 164,
116, 82, 137,
295, 240, 206,
285, 319, 230,
264, 298, 209,
374, 319, 285,
353, 298, 264,
153, 132, 98,
335, 280, 246,
246, 280, 191,
301, 246, 212,
348, 293, 259,
259, 293, 204,
272, 306, 217,
132, 111, 77,
173, 207, 118,
361, 306, 272,
293, 327, 238,
147, 181, 126,
160, 194, 139,
173, 262, 207,
236, 181, 147,
249, 194, 160,
322, 267, 233,
233, 267, 178,
220, 165, 186,
290, 324, 235,
269, 303, 214,
316, 261, 227,
379, 324, 290,
306, 340, 251,
395, 340, 306,
282, 193, 248,
227, 261, 172,
366, 222, 277,
366, 311, 222,
275, 220, 186,
161, 106, 127,
119, 153, 98,
220, 254, 165,
137, 82, 103,
387, 332, 298,
298, 332, 243,
353, 264, 408,
311, 345, 256,
358, 269, 413,
358, 303, 269,
369, 314, 280,
280, 314, 225,
416, 361, 327,
190, 135, 156,
190, 169, 135,
182, 161, 127,
408, 264, 319,
108, 142, 87,
121, 155, 100,
163, 142, 108,
163, 108, 129,
158, 137, 103,
158, 103, 124,
274, 185, 240,
274, 219, 185,
198, 232, 143,
287, 232, 198,
245, 190, 156,
176, 155, 121,
134, 168, 113,
296, 241, 207,
207, 241, 152,
343, 288, 254,
337, 282, 248,
382, 327, 293,
327, 361, 272,
429, 374, 285,
356, 212, 267,
356, 301, 212,
211, 156, 177,
421, 366, 277,
311, 400, 345,
421, 277, 332,
301, 335, 246,
309, 254, 220,
254, 288, 199,
429, 285, 340,
182, 127, 148,
219, 253, 164,
463, 408, 319,
442, 387, 298,
258, 203, 169,
169, 203, 114,
200, 145, 111,
111, 145, 90,
166, 111, 132,
174, 119, 140,
174, 153, 119,
288, 322, 233,
189, 168, 134,
434, 379, 345,
345, 379, 290,
403, 259, 314,
403, 348, 259,
350, 295, 261,
261, 295, 206,
219, 308, 253,
329, 274, 240,
237, 182, 148,
413, 269, 324,
303, 337, 248,
205, 150, 116,
116, 150, 95,
266, 211, 177,
190, 224, 169,
266, 177, 232,
270, 215, 181,
181, 215, 160,
194, 228, 173,
282, 316, 227,
371, 316, 282,
283, 228, 194,
450, 306, 361,
450, 395, 306,
374, 463, 319,
392, 337, 303,
395, 429, 340,
442, 353, 497,
442, 298, 353,
455, 400, 311,
476, 421, 332,
168, 202, 113,
437, 382, 293,
382, 416, 327,
518, 463, 374,
424, 369, 335,
335, 369, 280,
348, 437, 293,
390, 335, 301,
458, 403, 314,
228, 262, 173,
241, 275, 186,
505, 450, 361,
573, 518, 429,
468, 413, 324,
447, 392, 303,
411, 356, 267,
497, 353, 408,
387, 476, 332,
231, 176, 142,
142, 176, 121,
155, 189, 134,
179, 158, 124,
137, 171, 116,
283, 249, 338,
215, 249, 160,
351, 296, 262,
455, 311, 366,
379, 468, 324,
330, 275, 241,
466, 411, 322,
322, 411, 267,
295, 329, 240,
342, 287, 253,
384, 329, 295,
581, 437, 348,
560, 505, 416,
244, 189, 155,
168, 257, 202,
510, 455, 366,
510, 366, 421,
202, 236, 147,
291, 236, 202,
229, 174, 140,
187, 166, 132,
195, 140, 161,
184, 163, 129,
300, 245, 211,
211, 245, 156,
523, 468, 379,
447, 303, 358,
400, 434, 345,
523, 434, 578,
308, 219, 363,
253, 287, 198,
275, 309, 220,
405, 350, 316,
316, 350, 261,
447, 358, 502,
426, 371, 282,
292, 237, 203,
203, 237, 148,
250, 195, 161,
262, 296, 207,
275, 364, 309,
317, 262, 228,
513, 458, 369,
369, 458, 314,
403, 492, 348,
321, 266, 232,
445, 301, 356,
445, 390, 301,
390, 424, 335,
187, 132, 153,
145, 179, 124,
377, 322, 288,
432, 343, 487,
309, 343, 254,
552, 497, 408,
531, 476, 387,
552, 408, 463,
518, 374, 429,
502, 358, 413,
363, 274, 418,
363, 219, 274,
287, 321, 232,
426, 282, 337,
426, 337, 481,
416, 505, 361,
539, 484, 395,
471, 416, 382,
471, 382, 526,
531, 387, 442,
544, 489, 400,
432, 377, 288,
565, 510, 421,
484, 429, 395,
539, 395, 450,
234, 179, 145,
239, 184, 150,
607, 552, 463,
586, 531, 442,
481, 337, 392,
242, 187, 153,
500, 445, 356,
568, 513, 424,
500, 356, 411,
216, 161, 182,
174, 208, 153,
171, 137, 192,
150, 184, 129,
163, 197, 142,
279, 190, 245,
279, 224, 190,
304, 249, 215,
249, 283, 194,
325, 270, 236,
236, 270, 181,
586, 442, 497,
476, 565, 421,
526, 382, 437,
594, 539, 450,
385, 330, 296,
296, 330, 241,
224, 258, 169,
271, 216, 182,
594, 450, 505,
484, 573, 429,
518, 607, 463,
662, 573, 806,
192, 137, 158,
547, 403, 458,
547, 492, 403,
547, 458, 602,
376, 321, 287,
334, 279, 245,
434, 523, 379,
557, 502, 413,
489, 434, 400,
751, 607, 518,
730, 586, 497,
418, 274, 329,
308, 342, 253,
439, 295, 350,
709, 565, 476,
544, 400, 455,
738, 594, 505,
662, 518, 573,
641, 497, 552,
531, 620, 476,
544, 455, 599,
649, 560, 793,
471, 560, 416,
397, 342, 308,
252, 197, 163,
176, 210, 155,
460, 405, 371,
371, 405, 316,
581, 526, 437,
521, 466, 377,
377, 466, 322,
432, 288, 343,
255, 200, 166,
166, 200, 111,
599, 455, 510,
557, 413, 468,
536, 481, 392,
426, 515, 371,
398, 343, 309,
743, 599, 510,
265, 210, 176,
189, 223, 168,
494, 439, 350,
492, 581, 348,
439, 384, 295,
513, 369, 424,
814, 670, 581,
372, 317, 283,
283, 317, 228,
171, 205, 116,
286, 231, 197,
479, 390, 534,
479, 424, 390,
612, 557, 468,
612, 468, 523,
300, 211, 266,
224, 313, 258,
722, 578, 489,
489, 578, 434,
633, 489, 544,
278, 223, 189,
247, 192, 158,
171, 260, 205,
213, 158, 179,
536, 447, 591,
536, 392, 447,
473, 418, 384,
384, 418, 329,
431, 287, 342,
756, 612, 523,
591, 447, 502,
271, 182, 237,
419, 275, 330,
419, 364, 275,
210, 244, 155,
263, 208, 174,
187, 221, 166,
229, 140, 195,
317, 351, 262,
284, 229, 195,
355, 300, 266,
355, 266, 410,
218, 163, 184,
197, 231, 142,
210, 299, 244,
223, 257, 168,
534, 390, 445,
513, 602, 458,
347, 292, 258,
258, 292, 203,
555, 411, 466,
555, 500, 411,
364, 398, 309,
733, 589, 500,
746, 602, 513,
725, 581, 492,
591, 502, 735,
359, 304, 270,
270, 304, 215,
317, 406, 351,
513, 568, 657,
479, 568, 424,
589, 534, 445,
646, 502, 557,
785, 552, 607,
785, 641, 552,
764, 620, 531,
565, 654, 510,
573, 484, 717,
304, 338, 249,
641, 730, 497,
474, 419, 330,
364, 453, 398,
628, 484, 539,
628, 539, 772,
662, 751, 518,
649, 505, 560,
683, 539, 594,
326, 271, 237,
216, 250, 161,
628, 717, 484,
405, 494, 350,
439, 528, 384,
549, 494, 405,
515, 426, 570,
696, 785, 607,
847, 675, 730,
764, 531, 586,
599, 688, 544,
620, 709, 476,
798, 654, 565,
704, 560, 471,
704, 471, 615,
471, 526, 615,
440, 385, 296,
440, 296, 351,
452, 308, 363,
431, 376, 287,
570, 481, 714,
570, 426, 481,
842, 798, 709,
675, 764, 586,
675, 586, 730,
346, 291, 257,
257, 291, 202,
312, 257, 223,
625, 481, 536,
738, 683, 594,
662, 806, 853,
515, 460, 371,
549, 460, 693,
649, 738, 505,
751, 696, 607,
851, 696, 751,
717, 806, 573,
806, 717, 854,
850, 696, 851,
848, 730, 641,
555, 466, 610,
500, 589, 445,
657, 568, 801,
521, 377, 432,
628, 856, 855,
683, 772, 539,
859, 858, 738,
615, 526, 759,
849, 641, 785,
844, 709, 620,
670, 526, 581,
297, 242, 208,
208, 242, 153,
507, 363, 418,
507, 452, 363,
840, 743, 654,
654, 743, 510,
578, 667, 523,
845, 620, 764,
709, 798, 565,
452, 397, 308,
294, 239, 205,
205, 239, 150,
291, 325, 236,
393, 427, 338,
743, 688, 599,
289, 234, 200,
200, 234, 145,
777, 633, 544,
790, 646, 557,
576, 521, 432,
487, 343, 398,
305, 250, 216,
229, 263, 174,
725, 492, 636,
492, 547, 636,
649, 793, 860,
704, 793, 560,
717, 855, 854,
793, 704, 861,
300, 334, 245,
410, 266, 321,
389, 334, 300,
368, 313, 224,
836, 722, 633,
633, 722, 489,
636, 547, 780,
838, 777, 688,
688, 777, 544,
839, 688, 743,
811, 667, 578,
542, 487, 398,
863, 759, 864,
670, 759, 526,
268, 213, 179,
226, 260, 171,
780, 547, 602,
725, 814, 581,
780, 602, 691,
427, 283, 338,
427, 372, 283,
486, 431, 342,
465, 410, 321,
486, 342, 397,
833, 756, 667,
667, 756, 523,
769, 625, 536,
670, 814, 865,
385, 474, 330,
508, 453, 364,
495, 440, 351,
699, 610, 754,
521, 610, 466,
767, 534, 589,
465, 321, 376,
423, 279, 334,
460, 549, 405,
494, 583, 439,
604, 460, 515,
701, 557, 612,
320, 265, 231,
231, 265, 176,
244, 278, 189,
746, 513, 657,
865, 814, 866,
273, 218, 184,
722, 811, 578,
835, 811, 722,
756, 701, 612,
832, 701, 756,
368, 224, 279,
292, 326, 237,
333, 278, 244,
568, 479, 712,
701, 790, 557,
720, 576, 487,
487, 576, 432,
276, 221, 187,
829, 735, 646,
646, 735, 502,
570, 659, 515,
638, 583, 494,
528, 473, 384,
541, 486, 397,
461, 406, 317,
583, 528, 439,
712, 479, 623,
479, 534, 623,
381, 326, 292,
271, 360, 216,
318, 263, 229,
242, 276, 187,
562, 507, 418,
414, 359, 325,
325, 359, 270,
380, 325, 291,
869, 691, 870,
746, 691, 602,
814, 725, 866,
302, 247, 213,
213, 247, 158,
218, 252, 163,
508, 364, 419,
623, 534, 767,
870, 691, 746,
769, 536, 591,
680, 769, 591,
680, 591, 735,
625, 714, 481,
851, 751, 852,
696, 850, 785,
675, 846, 764,
751, 662, 852,
850, 849, 785,
852, 662, 853,
520, 376, 431,
520, 465, 376,
444, 300, 355,
767, 589, 678,
849, 848, 641,
628, 855, 717,
853, 806, 854,
423, 368, 279,
313, 347, 258,
389, 300, 444,
848, 847, 730,
798, 841, 654,
772, 856, 628,
402, 347, 313,
847, 846, 675,
772, 857, 856,
846, 845, 764,
657, 801, 872,
712, 801, 568,
772, 683, 857,
221, 255, 166,
234, 268, 179,
845, 844, 620,
830, 646, 790,
828, 680, 735,
825, 714, 625,
803, 570, 714,
683, 738, 858,
857, 683, 858,
844, 843, 709,
777, 837, 633,
529, 385, 440,
529, 474, 385,
738, 649, 859,
843, 842, 709,
859, 649, 860,
793, 861, 860,
631, 542, 775,
453, 542, 398,
842, 841, 798,
644, 555, 788,
644, 500, 555,
871, 657, 872,
704, 862, 861,
473, 562, 418,
541, 397, 452,
706, 562, 473,
617, 473, 528,
841, 840, 654,
372, 461, 317,
584, 529, 440,
516, 461, 372,
704, 615, 862,
615, 863, 862,
563, 508, 419,
840, 839, 743,
811, 834, 667,
615, 759, 863,
788, 555, 699,
555, 610, 699,
644, 733, 500,
393, 338, 304,
803, 714, 824,
803, 659, 570,
549, 638, 494,
839, 838, 688,
759, 670, 864,
367, 312, 278,
278, 312, 223,
226, 171, 192,
239, 273, 184,
218, 307, 252,
838, 837, 777,
701, 831, 790,
864, 670, 865,
826, 625, 769,
837, 836, 633,
725, 867, 866,
876, 678, 877,
733, 678, 589,
801, 873, 872,
281, 226, 192,
836, 835, 722,
659, 748, 515,
583, 672, 528,
822, 748, 659,
725, 636, 867,
636, 868, 867,
748, 604, 515,
339, 284, 250,
250, 284, 195,
835, 834, 811,
448, 304, 359,
448, 393, 304,
550, 406, 461,
636, 780, 868,
596, 452, 507,
834, 833, 667,
782, 693, 819,
604, 693, 460,
652, 563, 796,
474, 563, 419,
631, 487, 542,
868, 780, 869,
782, 638, 549,
354, 299, 265,
265, 299, 210,
355, 410, 499,
444, 355, 499,
610, 521, 754,
877, 678, 733,
651, 507, 562,
740, 596, 507,
833, 832, 756,
680, 827, 769,
869, 780, 691,
746, 871, 870,
499, 410, 554,
754, 521, 665,
478, 423, 334,
436, 381, 347,
401, 346, 312,
312, 346, 257,
832, 831, 701,
596, 541, 452,
746, 657, 871,
495, 351, 406,
328, 273, 239,
252, 286, 197,
665, 521, 576,
665, 576, 809,
720, 487, 631,
831, 830, 790,
299, 333, 244,
712, 873, 801,
341, 286, 252,
516, 372, 427,
550, 495, 406,
297, 208, 263,
331, 276, 242,
221, 310, 255,
830, 829, 646,
712, 874, 873,
503, 448, 359,
571, 516, 427,
693, 782, 549,
727, 672, 583,
820, 693, 604,
821, 604, 748,
323, 268, 234,
247, 281, 192,
289, 200, 255,
415, 271, 326,
415, 360, 271,
575, 431, 486,
575, 520, 431,
829, 828, 735,
803, 823, 659,
712, 623, 874,
623, 875, 874,
360, 305, 216,
542, 453, 686,
881, 699, 754,
457, 313, 368,
347, 381, 292,
349, 294, 260,
260, 294, 205,
828, 827, 680,
727, 583, 638,
817, 727, 638,
623, 767, 875,
373, 318, 284,
284, 318, 229,
435, 380, 291,
344, 289, 255,
686, 453, 597,
286, 320, 231,
422, 278, 333,
883, 809, 884,
720, 809, 576,
644, 879, 878,
827, 826, 769,
875, 767, 876,
767, 678, 876,
878, 877, 733,
380, 414, 325,
719, 575, 486,
596, 685, 541,
541, 630, 486,
761, 617, 528,
761, 528, 672,
352, 297, 263,
826, 825, 625,
707, 563, 474,
597, 453, 508,
495, 584, 440,
728, 584, 495,
644, 878, 733,
1023, 761, 672,
825, 824, 714,
788, 879, 644,
1021, 706, 617,
617, 706, 473,
884, 809, 720,
597, 508, 741,
389, 478, 334,
533, 478, 389,
554, 410, 465,
554, 465, 609,
336, 281, 247,
226, 315, 260,
824, 823, 803,
782, 818, 638,
609, 465, 520,
788, 880, 879,
605, 749, 694,
482, 427, 393,
652, 508, 563,
605, 550, 461,
795, 651, 562,
823, 822, 659,
727, 816, 672,
631, 775, 886,
686, 775, 542,
788, 699, 880,
699, 881, 880,
470, 415, 326,
394, 339, 305,
512, 368, 423,
512, 457, 368,
381, 470, 326,
422, 367, 278,
346, 435, 291,
422, 333, 388,
457, 402, 313,
822, 821, 748,
490, 435, 346,
558, 503, 414,
754, 882, 881,
664, 520, 575,
753, 609, 520,
732, 588, 499,
706, 795, 562,
1020, 795, 706,
386, 331, 297,
297, 331, 242,
276, 310, 221,
821, 820, 604,
761, 1022, 617,
754, 665, 882,
474, 529, 618,
707, 474, 618,
886, 775, 887,
652, 741, 508,
1018, 740, 651,
651, 740, 507,
516, 605, 461,
618, 529, 762,
482, 393, 537,
305, 339, 250,
318, 352, 263,
449, 305, 360,
820, 819, 693,
456, 401, 312,
882, 665, 883,
529, 584, 762,
537, 393, 448,
503, 359, 414,
294, 328, 239,
362, 307, 218,
286, 375, 320,
383, 328, 294,
362, 218, 273,
819, 818, 782,
588, 444, 499,
533, 389, 444,
883, 665, 809,
720, 885, 884,
268, 302, 213,
289, 323, 234,
378, 323, 289,
409, 354, 320,
320, 354, 265,
1017, 685, 740,
740, 685, 596,
469, 414, 380,
546, 402, 457,
491, 436, 402,
402, 436, 347,
365, 310, 276,
774, 630, 541,
357, 302, 268,
567, 512, 423,
818, 817, 638,
660, 571, 804,
482, 571, 427,
720, 631, 885,
889, 597, 741,
707, 796, 563,
762, 584, 673,
891, 796, 892,
885, 631, 886,
525, 470, 381,
504, 449, 360,
817, 816, 727,
1016, 774, 685,
686, 887, 775,
1019, 651, 795,
685, 774, 541,
1014, 719, 630,
630, 719, 486,
643, 499, 554,
787, 554, 609,
588, 533, 444,
478, 567, 423,
816, 1023, 672,
407, 352, 318,
420, 365, 276,
686, 888, 887,
891, 652, 796,
728, 495, 639,
495, 550, 639,
592, 537, 448,
396, 341, 307,
307, 341, 252,
388, 333, 299,
367, 456, 312,
1023, 1022, 761,
686, 597, 888,
370, 226, 281,
370, 315, 226,
808, 575, 719,
808, 664, 575,
639, 550, 783,
524, 380, 435,
647, 592, 503,
511, 456, 367,
1022, 1021, 617,
399, 344, 310,
310, 344, 255,
888, 597, 889,
741, 890, 889,
550, 605, 694,
783, 550, 694,
1013, 808, 719,
1015, 630, 774,
711, 567, 478,
512, 601, 457,
443, 388, 299,
600, 545, 456,
443, 299, 354,
1011, 753, 664,
664, 753, 520,
1021, 1020, 706,
728, 673, 584,
796, 707, 892,
895, 673, 896,
391, 336, 302,
302, 336, 247,
357, 268, 412,
741, 652, 890,
503, 592, 448,
605, 516, 749,
469, 380, 524,
404, 349, 315,
315, 349, 260,
417, 362, 273,
504, 360, 415,
428, 373, 284,
1020, 1019, 795,
428, 284, 339,
890, 652, 891,
490, 346, 401,
417, 273, 328,
483, 428, 339,
1019, 1018, 651,
498, 443, 354,
545, 401, 456,
707, 893, 892,
698, 609, 753,
698, 787, 609,
588, 677, 533,
533, 622, 478,
469, 558, 414,
787, 643, 554,
516, 660, 749,
896, 673, 728,
420, 276, 331,
386, 297, 441,
430, 286, 341,
430, 375, 286,
1018, 1017, 740,
1010, 698, 753,
1007, 732, 643,
1012, 664, 808,
618, 894, 893,
707, 618, 893,
516, 571, 660,
656, 601, 512,
436, 525, 381,
559, 504, 415,
656, 512, 567,
367, 422, 511,
545, 490, 401,
791, 647, 558,
579, 524, 435,
571, 482, 715,
601, 546, 457,
715, 482, 626,
482, 537, 626,
1017, 1016, 685,
618, 762, 894,
580, 525, 436,
425, 370, 281,
546, 491, 402,
375, 409, 320,
412, 268, 323,
336, 425, 281,
1008, 643, 787,
643, 732, 499,
496, 407, 551,
373, 407, 318,
538, 394, 449,
449, 394, 305,
428, 517, 373,
1016, 1015, 774,
559, 415, 470,
894, 762, 895,
485, 430, 341,
553, 498, 409,
349, 383, 294,
451, 396, 307,
438, 383, 349,
1015, 1014, 630,
626, 537, 770,
900, 694, 749,
433, 289, 344,
433, 378, 289,
895, 762, 673,
728, 897, 896,
668, 579, 812,
490, 579, 435,
702, 558, 469,
472, 417, 328,
441, 297, 352,
496, 441, 352,
647, 503, 558,
681, 537, 592,
1005, 677, 732,
732, 677, 588,
898, 783, 899,
728, 639, 897,
715, 804, 571,
660, 804, 902,
1014, 1013, 719,
698, 1009, 787,
766, 622, 533,
635, 491, 546,
639, 898, 897,
386, 420, 331,
454, 399, 310,
1013, 1012, 808,
690, 546, 601,
724, 580, 491,
491, 580, 436,
614, 559, 470,
511, 422, 566,
477, 422, 388,
477, 388, 532,
614, 470, 525,
627, 483, 394,
639, 783, 898,
677, 766, 533,
1004, 766, 677,
1002, 711, 622,
622, 711, 478,
467, 412, 323,
480, 425, 336,
1012, 1011, 664,
783, 694, 899,
451, 307, 362,
464, 409, 375,
758, 614, 525,
800, 656, 567,
702, 469, 613,
736, 681, 592,
903, 804, 715,
681, 770, 537,
1011, 1010, 753,
749, 901, 900,
899, 694, 900,
454, 310, 365,
378, 467, 323,
1010, 1009, 698,
498, 354, 409,
532, 388, 443,
511, 600, 456,
749, 660, 901,
391, 302, 446,
459, 404, 315,
1001, 800, 711,
711, 800, 567,
745, 690, 601,
1003, 622, 766,
488, 433, 344,
905, 626, 770,
901, 660, 902,
647, 736, 592,
907, 736, 908,
757, 524, 668,
613, 469, 524,
744, 600, 511,
1009, 1008, 787,
509, 454, 365,
399, 488, 344,
509, 365, 420,
475, 420, 386,
394, 483, 339,
407, 496, 352,
593, 449, 504,
593, 504, 648,
383, 472, 328,
506, 451, 362,
527, 472, 383,
804, 903, 902,
464, 375, 519,
655, 566, 799,
477, 566, 422,
446, 302, 357,
446, 357, 501,
1008, 1007, 643,
648, 504, 559,
613, 524, 757,
459, 315, 370,
715, 904, 903,
745, 601, 656,
580, 669, 525,
404, 438, 349,
999, 745, 656,
702, 791, 558,
522, 467, 378,
524, 579, 668,
909, 647, 791,
593, 538, 449,
1007, 1006, 732,
800, 1000, 656,
715, 626, 904,
626, 905, 904,
587, 532, 443,
501, 357, 412,
514, 459, 370,
582, 527, 438,
514, 370, 425,
514, 425, 569,
462, 407, 373,
530, 475, 386,
779, 546, 690,
779, 635, 546,
792, 648, 559,
1006, 1005, 732,
629, 485, 396,
396, 485, 341,
770, 906, 905,
506, 417, 561,
506, 362, 417,
997, 779, 690,
805, 572, 483,
483, 572, 428,
572, 517, 428,
909, 791, 910,
579, 490, 723,
517, 462, 373,
723, 490, 634,
498, 587, 443,
778, 600, 689,
731, 587, 498,
1005, 1004, 677,
745, 998, 690,
995, 724, 635,
635, 724, 491,
770, 681, 906,
519, 375, 430,
634, 545, 778,
634, 490, 545,
912, 613, 757,
1004, 1003, 766,
681, 736, 907,
906, 681, 907,
813, 669, 580,
771, 627, 538,
1003, 1002, 622,
778, 545, 600,
723, 812, 579,
511, 655, 744,
736, 647, 908,
574, 519, 430,
464, 553, 409,
574, 430, 485,
914, 812, 915,
908, 647, 909,
642, 553, 786,
992, 758, 669,
669, 758, 525,
994, 813, 724,
724, 813, 580,
996, 635, 779,
1002, 1001, 711,
703, 559, 614,
538, 627, 394,
702, 910, 791,
606, 462, 517,
695, 551, 462,
462, 551, 407,
530, 386, 441,
585, 441, 496,
543, 488, 399,
564, 509, 420,
433, 522, 378,
1001, 1000, 800,
914, 668, 812,
511, 566, 655,
991, 703, 758,
758, 703, 614,
702, 911, 910,
729, 585, 496,
807, 574, 485,
697, 553, 464,
585, 530, 441,
475, 564, 420,
561, 417, 472,
540, 629, 396,
527, 383, 438,
703, 792, 559,
1000, 999, 656,
477, 621, 710,
566, 477, 710,
702, 613, 911,
737, 593, 648,
682, 538, 593,
572, 661, 517,
480, 336, 391,
548, 493, 404,
543, 399, 454,
556, 501, 412,
535, 480, 391,
477, 532, 621,
493, 438, 404,
616, 561, 472,
999, 998, 745,
540, 396, 451,
540, 451, 595,
911, 613, 912,
757, 913, 912,
556, 412, 467,
708, 564, 475,
598, 543, 454,
619, 475, 530,
744, 689, 600,
812, 723, 915,
918, 689, 919,
577, 522, 433,
988, 737, 648,
535, 391, 446,
998, 997, 690,
813, 993, 669,
757, 668, 913,
621, 532, 765,
919, 689, 744,
548, 404, 459,
595, 451, 506,
737, 682, 593,
997, 996, 779,
703, 990, 792,
792, 989, 648,
765, 532, 676,
532, 587, 676,
913, 668, 914,
598, 454, 509,
488, 577, 433,
655, 799, 921,
710, 799, 566,
742, 598, 509,
996, 995, 635,
723, 916, 915,
611, 556, 467,
713, 569, 480,
611, 467, 522,
986, 771, 682,
682, 771, 538,
627, 716, 483,
984, 716, 627,
551, 640, 496,
527, 616, 472,
739, 595, 506,
760, 616, 527,
995, 994, 724,
737, 987, 682,
632, 488, 543,
721, 577, 488,
716, 805, 483,
634, 917, 916,
723, 634, 916,
603, 548, 459,
493, 582, 438,
603, 459, 514,
922, 799, 710,
642, 498, 553,
464, 519, 608,
697, 464, 608,
519, 752, 608,
671, 582, 815,
535, 446, 590,
480, 569, 425,
731, 676, 587,
590, 446, 501,
994, 993, 813,
755, 611, 522,
734, 590, 501,
642, 731, 498,
634, 778, 917,
982, 661, 805,
805, 661, 572,
983, 805, 716,
645, 501, 556,
747, 603, 514,
794, 616, 705,
993, 992, 669,
750, 606, 517,
585, 674, 530,
917, 778, 918,
661, 750, 517,
992, 991, 758,
784, 695, 978,
606, 695, 462,
918, 778, 689,
744, 920, 919,
784, 640, 551,
564, 653, 509,
519, 663, 752,
927, 926, 731,
519, 574, 663,
991, 990, 703,
744, 655, 920,
642, 786, 928,
697, 786, 553,
924, 765, 925,
710, 923, 922,
990, 989, 792,
771, 985, 627,
661, 981, 750,
920, 655, 921,
799, 922, 921,
976, 729, 640,
640, 729, 496,
928, 786, 929,
663, 574, 807,
718, 629, 773,
979, 695, 606,
695, 784, 551,
650, 561, 794,
650, 506, 561,
718, 485, 629,
773, 629, 540,
989, 988, 648,
621, 923, 710,
718, 807, 485,
763, 674, 974,
729, 674, 585,
763, 619, 530,
598, 687, 543,
988, 987, 737,
750, 980, 606,
621, 924, 923,
972, 708, 619,
619, 708, 475,
975, 674, 729,
674, 763, 530,
987, 986, 682,
797, 653, 564,
577, 666, 522,
621, 765, 924,
684, 773, 540,
933, 663, 807,
608, 930, 697,
697, 929, 786,
794, 561, 616,
595, 684, 540,
527, 671, 760,
986, 985, 771,
765, 676, 925,
650, 739, 506,
653, 742, 509,
969, 742, 653,
797, 564, 708,
985, 984, 627,
776, 632, 543,
789, 645, 556,
925, 676, 926,
676, 731, 926,
971, 797, 708,
527, 582, 671,
938, 595, 739,
937, 684, 595,
773, 936, 935,
632, 721, 488,
582, 493, 726,
984, 983, 716,
731, 642, 927,
637, 493, 548,
742, 687, 598,
632, 965, 721,
968, 687, 742,
569, 658, 514,
781, 637, 548,
802, 658, 569,
624, 480, 535,
624, 535, 768,
810, 666, 577,
692, 548, 603,
700, 556, 611,
983, 982, 805,
784, 977, 640,
637, 726, 493,
927, 642, 928,
930, 929, 697,
721, 810, 577,
687, 776, 543,
679, 535, 590,
666, 755, 522,
624, 713, 480,
982, 981, 661,
931, 608, 752,
931, 930, 608,
941, 705, 942,
760, 705, 616,
937, 595, 938,
705, 760, 942,
645, 734, 501,
952, 802, 713,
957, 734, 645,
671, 815, 944,
747, 692, 603,
747, 514, 658,
981, 980, 750,
961, 700, 755,
755, 700, 611,
700, 789, 556,
964, 810, 721,
666, 962, 755,
932, 931, 752,
949, 747, 950,
734, 679, 590,
768, 679, 955,
815, 726, 945,
726, 815, 582,
980, 979, 606,
763, 973, 619,
637, 947, 946,
692, 781, 548,
663, 932, 752,
956, 679, 734,
679, 768, 535,
713, 802, 569,
658, 802, 951,
726, 637, 946,
979, 978, 695,
663, 933, 932,
978, 977, 784,
807, 934, 933,
977, 976, 640,
718, 935, 934,
807, 718, 934,
976, 975, 729,
797, 970, 653,
687, 967, 776,
718, 773, 935,
975, 974, 674,
773, 684, 936,
974, 973, 763,
936, 684, 937,
973, 972, 619,
776, 966, 632,
739, 939, 938,
972, 971, 708,
650, 940, 939,
739, 650, 939,
971, 970, 797,
650, 794, 940,
970, 969, 653,
940, 794, 941,
969, 968, 742,
810, 963, 666,
941, 794, 705,
760, 943, 942,
968, 967, 687,
760, 671, 943,
967, 966, 776,
700, 960, 789,
943, 671, 944,
966, 965, 632,
944, 815, 945,
726, 946, 945,
965, 964, 721,
789, 958, 645,
781, 947, 637,
964, 963, 810,
781, 948, 947,
963, 962, 666,
781, 692, 948,
692, 949, 948,
962, 961, 755,
692, 747, 949,
658, 950, 747,
961, 960, 700,
658, 951, 950,
960, 959, 789,
802, 952, 951,
959, 958, 789,
713, 953, 952,
958, 957, 645,
713, 624, 953,
957, 956, 734,
953, 624, 954,
956, 955, 679,
954, 624, 768,
955, 954, 768,
]