vertices = [
0.0937369969750496,
-0.0054636414887804,
-0.1342867346569231,
0.1703414078545034,
0.0052655193702256,
-0.2432823774475945,
0.1180720585364523,
0.2434305584788460,
-0.2123305866653301,
-0.0798802255570599,
0.2871326041358752,
-0.1900498020102472,
-0.0802881190834024,
0.4199463927129834,
-0.2150928924324349,
-0.3628968219745921,
0.3561125004253719,
0.1042310899739177,
-0.3842010678664095,
0.1611737341056206,
0.1889954132784583,
-0.4040907293436963,
0.1323439113781990,
0.4662845570906672,
-0.3952492621904932,
-0.2481756976731596,
0.4687034504099147,
-0.0822255236873664,
-0.2936882894995319,
0.3648377041079064,
-0.0273425336854339,
-0.4784227040992883,
0.3299815355931360,
0.3345036281906791,
-0.4626119817532561,
-0.0341077903440502,
0.4092116069080637,
-0.3915789805575598,
-0.0248700247840156,
0.6150584941266429,
-0.3889069283044548,
-0.4726543494766294,
0.5917926896366832,
0.0863871145071060,
-0.5055774464403090,
0.3388970568715660,
0.1334690305435514,
-0.6027961392834212,
0.3122685913877723,
0.5378951118678287,
-0.5903347987601829,
-0.1904197138271111,
0.5473926438448841,
-0.2621360122197046,
-0.2234056142726033,
0.5715817738078366,
-0.2132503630614562,
-0.5767053769173893,
0.5319284681489465,
0.2723165414146990,
-0.5921126391069010,
0.1551567994112624,
0.3030275518823236,
-0.5547468899867705,
0.1623982576618272,
0.6318183208106826,
-0.5368298375934374,
-0.3567541218674209,
0.6382198083797809,
-0.1021979501507714,
-0.3976887958937309,
0.5036101277694032,
-0.0361939262196210,
-0.6502820908737177,
0.4634675594736025,
0.4511346409402960,
-0.6440986511799277,
-0.0226974582198431,
0.5741330601680892,
-0.4287970607600047,
-0.1473291434110786,
0.7179166551702941,
-0.3688766094220593,
-0.6331475580116506,
0.6952210609112364,
0.2165941723944860,
-0.6642350287420837,
0.3078589465326699,
0.2464975179014524,
-0.7061989722630376,
0.3055535052633950,
0.6876008707344645,
-0.6874480733753000,
-0.3034086857496581,
0.7123269583033460,
-0.2322283417891999,
-0.3698020964831360,
0.6510133652535017,
-0.1534846801242727,
-0.7334420522863146,
0.6071071187115104,
0.4336478951581367,
-0.7438702973562775,
0.0867771819191583,
0.4561299208589917,
-0.5617176920305981,
0.0721768151517518,
0.7422675964007301,
-0.5500936932860143,
-0.5009611802178917,
0.7395565436247592,
0.0013217821111049,
-0.5469672146558642,
0.4978572129773909,
0.1062182604636106,
-0.7437477391175888,
0.4292006409455122,
0.6183937139005629,
-0.7323928223838987,
-0.1684209344902670,
0.6720206191430101,
-0.3507081527896861,
-0.2647622719422341,
0.7143059477595837,
-0.2765312192634705,
-0.7097831216442677,
0.6782979252680807,
0.3337318392036760,
-0.7313935831678888,
0.2101204307671196,
0.3753854663331465,
-0.6661891810647104,
0.1920531756765204,
0.7506051005894463,
-0.6442977657699135,
-0.4249139825175000,
0.7646852229015343,
-0.1157272424953327,
-0.4855995486556613,
0.5999001270581268,
-0.0217099328054472,
-0.7701536762216925,
0.5381406680137012,
0.5496394889900081,
-0.7674325022108524,
-0.0441630512539097,
0.5641952604398766,
-0.5369432512360279,
-0.0405745048874297,
0.7656705939129778,
-0.4813323288554795,
-0.5946455584621967,
0.7525070553358880,
0.1147829691902258,
-0.6361116927178782,
0.4232019396714889,
0.2016633223551914,
-0.8102434708368759,
0.4056069175898389,
0.7322302980860836,
-0.7921161602476574,
-0.2680489112684229,
0.7722286384678757,
-0.3333485268718678,
-0.3474261743999247,
0.7674252651181666,
-0.2521350191674820,
-0.8048999777131952,
0.7303893651825850,
0.4196639208817116,
-0.8244526858352900,
0.1802006385349505,
0.4818293249839952,
-0.6859677526749125,
0.1172966011989656,
0.8353505500005198,
-0.6488547996302257,
-0.5384787154592504,
0.8421387347234826,
-0.0378002892606458,
-0.5961325387728497,
0.5959393395774625,
0.0525042196871158,
-0.8406052770650279,
0.5342605965798999,
0.6521304806114429,
-0.8332552079258250,
-0.1233205460591666,
0.6935288879046827,
-0.4629584142309288,
-0.2024231836194810,
0.8149787239951271,
-0.3955140516295292,
-0.7401485262760827,
0.7905117138828980,
0.2772071285816943,
-0.7724223399387034,
0.3280356925617192,
0.3463709219314612,
-0.7646896205084911,
0.2705392622390983,
0.7989655045280065,
-0.7375134288991863,
-0.4078436916590086,
0.8206159876790856,
-0.1927587684172760,
-0.4763541594666604,
0.6954382622290499,
-0.1021232221635777,
-0.8350987138955951,
0.6422477076302674,
0.5428385745124694,
-0.8412221873820089,
0.0292556974623260,
0.6133324062917838,
-0.5992966391597997,
-0.0449702721774788,
0.8526849263285625,
-0.5399149787639060,
-0.6606255260479232,
0.8432068452415603,
0.1234077780205305,
-0.7063593927432108,
0.4779497516978430,
0.1307820042904043,
-0.8402183134594560,
0.4764190978147115,
0.7043102381283954,
-0.8264756961944014,
-0.2003946199648008,
0.7484975738136912,
-0.4077665036004407,
-0.2789744871641827,
0.8055683004564788,
-0.3313137830768265,
-0.7843230884821241,
0.7736868316429769,
0.3523574903955461,
-0.8099990236306607,
0.2604653025990862,
0.4227400568851948,
-0.7415912127730011,
0.1964042863131291,
0.8327743256897158,
-0.7057663667948155,
-0.4823404320908264,
0.8474375934615660,
-0.1176609456401380,
-0.5461096330320679,
0.6579333400632622,
-0.0251334963402757,
-0.8544137955371215,
0.5996490741091748,
0.6085344615436148,
-0.8530741778822800,
-0.0480565385234632,
0.6579102805768876,
-0.5307892796382788,
-0.1240338562130923,
0.8327478698651606,
-0.4670834443067010,
-0.7005832277219957,
0.8170504043126515,
0.2010894969522107,
-0.7398520221181174,
0.4024081664809831,
0.2792248672391404,
-0.8028083824633231,
0.3430850530821719,
0.7783697217187848,
-0.7780707835040177,
-0.3440024455028503,
0.8067880471481713,
-0.2668423811389548,
-0.4163398806945454,
0.7403747522881708,
-0.1797594096223548,
-0.8288384782723611,
0.6945557381222338,
0.4857861336388243,
-0.8411465371386710,
0.1063929668342535,
0.5452592017471051,
-0.6390037248786242,
0.0353119622109316,
0.8427587768824425,
-0.5923776501559881,
-0.5992544443749327,
0.8404144604707788,
0.0439286833500642,
-0.6501878400169029,
0.5344461362570042,
0.0967117583658708,
-0.8999667754257002,
0.1479320645638833,
-0.8929778638634994,
0.1986698471153045,
-0.8830762441168559,
0.2487596099194151,
-0.8702942132113093,
0.2980379705812194,
-0.8546734634748990,
0.3463441933308579,
-0.8362649465464571,
0.3935207133102794,
-0.8151287071819519,
0.4394136505170582,
-0.7913336874009750,
0.4838733117289771,
-0.7649575016122030,
0.5267546787722045,
-0.7360861834513286,
0.5679178815404351,
-0.7048139051572235,
0.6072286542221043,
-0.6712426704016690,
0.6445587732475578,
-0.6354819815745799,
0.6797864755276849,
-0.5976484826099701,
0.7127968556198060,
-0.5578655785176827,
0.7434822405253430,
-0.5162630328619003,
0.7717425408967610,
-0.4729765444993679,
0.7974855775082164,
-0.4281473049579292,
0.8206273819250312,
-0.3819215378991089,
0.8410924703912743,
-0.3344500221669222,
0.8588140900420843,
-0.2858875999786247,
0.8737344366376391,
-0.2363926718615849,
0.8858048431085718,
-0.1861266799836871,
0.8949859382978359,
-0.1352535815625363,
0.9012477753812353,
-0.0839393140710931,
0.9045699295477414,
-0.0323512539841274,
0.9049415646209801,
0.0193423291690529,
0.9023614684045876,
0.0709728216648308,
0.8968380566361430,
0.1223718155682004,
0.8883893455367814,
0.1733716580444468,
0.8770428930460249,
0.2238059982078457,
0.8628357089335126,
0.2735103297236763,
0.8458141340808237,
0.3223225273936925,
0.8260336893271549,
0.3700833759748209,
0.8035588943718821,
0.4166370895061909,
0.7784630573247122,
0.4618318194505585,
0.7508280355898661,
0.5055201499926725,
0.7207439688642410,
0.5475595788790234,
0.6883089851204540,
0.5878129822305748,
0.6536288805337922,
0.6261490618123555,
0.6168167743970787,
0.6624427733010110,
0.5779927401490516,
0.6965757341533958,
0.5372834137197640,
0.7284366097458230,
0.4948215804705020,
0.7579214765244655,
0.4507457420755363,
0.7849341609823880,
0.4051996647584480,
0.8093865533575368,
0.3583319103565896,
0.8311988950284693,
0.3102953517432505,
0.8503000386704000,
0.2612466741881197,
0.8666276803229850,
0.2113458642825027,
0.8801285626128909,
0.1607556880963148,
0.8907586484682771,
0.1096411602689921,
0.8984832647585711,
0.0581690057660365,
0.9032772153910129,
0.0065071160568322,
0.9051248634950729,
-0.0451759985124306,
0.9040201824266737,
-0.0967117583644798,
0.8999667754258497,
-0.1479320645625031,
0.8929778638637280,
-0.1986698471139396,
0.8830762441171630,
-0.2487596099180700,
0.8702942132116938,
-0.2980379705798985,
0.8546734634753597,
-0.3463441933295654,
0.8362649465469923,
-0.3935207133090196,
0.8151287071825600,
-0.4394136505158352,
0.7913336874016541,
-0.4838733117277948,
0.7649575016129508,
-0.5267546787710667,
0.7360861834521428,
-0.5679178815393457,
0.7048139051581014,
-0.6072286542210668,
0.6712426704026074,
-0.6445587732465756,
0.6354819815755761,
-0.6797864755267612,
0.5976484826110207,
-0.7127968556189437,
0.5578655785187845,
-0.7434822405245450,
0.5162630328630493,
-0.7717425408960300,
0.4729765445005607,
-0.7974855775075546,
0.4281473049591618,
-0.8206273819244408,
0.3819215379003773,
-0.8410924703907574,
0.3344500221682221,
-0.8588140900416424,
0.2858875999799520,
-0.8737344366372737,
0.2363926718629352,
-0.8858048431082842,
0.1861266799850561,
-0.8949859382976268,
0.1352535815639196,
-0.9012477753811057,
0.0839393140724860,
-0.9045699295476913,
0.0323512539855254,
-0.9049415646210099,
-0.0193423291676542,
-0.9023614684046972,
-0.0709728216634361,
-0.8968380566363322,
-0.1223718155668143,
-0.8883893455370494,
-0.1733716580430737,
-0.8770428930463708,
-0.2238059982064902,
-0.8628357089339354,
-0.2735103297223427,
-0.8458141340813219,
-0.3223225273923853,
-0.8260336893277269,
-0.3700833759735442,
-0.8035588943725260,
-0.4166370895049490,
-0.7784630573254260,
-0.4618318194493553,
-0.7508280355906475,
-0.5055201499915121,
-0.7207439688650873,
-0.5475595788779094,
-0.6883089851213624,
-0.5878129822295109,
-0.6536288805347600,
-0.6261490618113453,
-0.6168167743981026,
-0.6624427733000576,
-0.5779927401501281,
-0.6965757341525024,
-0.5372834137208897,
-0.7284366097449927,
-0.4948215804716734,
-0.7579214765237008,
-0.4507457420767494,
-0.7849341609816914,
-0.4051996647596989,
-0.8093865533569106,
-0.3583319103578742,
-0.8311988950279156,
-0.3102953517445647,
-0.8503000386699204,
-0.2612466741894592,
-0.8666276803225812,
-0.2113458642838630,
-0.8801285626125642,
-0.1607556880976915,
-0.8907586484680287,
-0.1096411602703807,
-0.8984832647584017,
-0.0581690057674325,
-0.9032772153909229,
-0.0065071160582311,
-0.9051248634950628,
0.0451759985110333,
-0.9040201824267434,
]

triangles = [
0, 1, 3,
1, 6, 3,
0, 4, 1,
1, 14, 6,
16, 8, 3,
3, 8, 0,
6, 11, 3,
5, 2, 0,
0, 2, 4,
11, 16, 3,
9, 14, 1,
4, 9, 1,
8, 5, 0,
27, 19, 6,
6, 19, 11,
11, 24, 16,
21, 13, 8,
8, 13, 5,
35, 27, 14,
14, 27, 6,
12, 17, 4,
4, 17, 9,
22, 35, 14,
32, 24, 11,
16, 29, 8,
19, 32, 11,
37, 29, 16,
15, 7, 2,
2, 7, 4,
58, 37, 24,
24, 37, 16,
7, 12, 4,
22, 14, 9,
18, 10, 5,
5, 10, 2,
30, 22, 9,
29, 21, 8,
38, 30, 17,
17, 30, 9,
10, 15, 2,
27, 40, 19,
19, 53, 32,
61, 40, 27,
74, 53, 19,
32, 45, 24,
66, 45, 32,
40, 74, 19,
45, 58, 24,
37, 50, 29,
29, 42, 21,
87, 66, 53,
53, 66, 32,
69, 48, 35,
35, 48, 27,
40, 129, 74,
56, 35, 22,
48, 61, 27,
26, 5, 13,
26, 18, 5,
10, 23, 15,
34, 26, 13,
21, 34, 13,
71, 50, 37,
21, 55, 34,
58, 71, 37,
77, 56, 22,
25, 38, 17,
30, 43, 22,
33, 25, 12,
12, 25, 17,
20, 12, 7,
63, 42, 29,
56, 69, 35,
95, 40, 61,
50, 63, 29,
84, 63, 50,
64, 43, 30,
124, 103, 69,
43, 77, 22,
142, 87, 53,
66, 100, 45,
45, 79, 58,
58, 92, 71,
142, 53, 74,
108, 142, 74,
121, 100, 66,
95, 61, 116,
95, 129, 40,
134, 79, 45,
82, 61, 48,
28, 20, 7,
142, 108, 199,
129, 108, 74,
196, 121, 87,
197, 87, 198,
87, 121, 66,
193, 134, 100,
100, 134, 45,
20, 33, 12,
137, 48, 103,
137, 82, 48,
76, 21, 42,
76, 55, 21,
34, 47, 26,
131, 76, 42,
113, 58, 79,
113, 92, 58,
71, 105, 50,
190, 113, 79,
82, 116, 61,
200, 108, 201,
31, 23, 10,
15, 28, 7,
36, 28, 15,
52, 31, 18,
18, 31, 10,
103, 48, 69,
204, 95, 116,
90, 69, 56,
51, 64, 30,
111, 145, 77,
51, 30, 38,
51, 38, 72,
126, 105, 71,
63, 97, 42,
92, 126, 71,
186, 126, 92,
72, 38, 59,
183, 139, 105,
105, 139, 50,
145, 56, 77,
145, 90, 56,
90, 124, 69,
207, 82, 137,
139, 84, 50,
198, 87, 142,
121, 194, 100,
198, 142, 199,
199, 108, 200,
197, 196, 87,
134, 191, 79,
108, 129, 201,
196, 195, 121,
201, 129, 202,
195, 194, 121,
111, 77, 132,
210, 103, 124,
23, 36, 15,
202, 129, 203,
129, 95, 203,
194, 193, 100,
113, 188, 92,
203, 95, 204,
193, 192, 134,
204, 116, 205,
116, 206, 205,
68, 47, 34,
26, 39, 18,
192, 191, 134,
116, 82, 206,
89, 68, 55,
55, 68, 34,
191, 190, 79,
60, 39, 26,
118, 97, 63,
76, 144, 55,
206, 82, 207,
84, 118, 63,
180, 118, 84,
190, 189, 113,
126, 185, 105,
207, 137, 208,
189, 188, 113,
208, 137, 209,
188, 187, 92,
139, 182, 84,
59, 38, 25,
98, 43, 64,
210, 124, 211,
132, 77, 43,
132, 43, 98,
98, 64, 119,
46, 59, 25,
209, 137, 103,
209, 103, 210,
187, 186, 92,
177, 131, 97,
97, 131, 42,
124, 212, 211,
186, 185, 126,
119, 64, 85,
81, 60, 47,
47, 60, 26,
124, 90, 212,
185, 184, 105,
39, 52, 18,
31, 44, 23,
23, 57, 36,
73, 52, 39,
212, 90, 213,
184, 183, 105,
118, 178, 97,
67, 46, 33,
33, 46, 25,
54, 33, 20,
213, 90, 214,
183, 182, 139,
131, 110, 76,
175, 110, 131,
110, 144, 76,
68, 102, 47,
214, 145, 215,
214, 90, 145,
145, 111, 215,
182, 181, 84,
85, 64, 51,
216, 111, 217,
215, 111, 216,
181, 180, 84,
140, 85, 51,
172, 89, 144,
144, 89, 55,
111, 132, 217,
41, 20, 28,
75, 54, 20,
180, 179, 118,
217, 132, 218,
62, 41, 28,
179, 178, 118,
110, 173, 144,
106, 51, 72,
106, 140, 51,
219, 98, 220,
106, 72, 127,
218, 132, 219,
132, 98, 219,
54, 67, 33,
93, 72, 59,
178, 177, 97,
93, 59, 114,
128, 73, 39,
65, 31, 52,
65, 44, 31,
36, 49, 28,
98, 119, 220,
123, 102, 68,
60, 94, 39,
177, 176, 131,
170, 123, 89,
89, 123, 68,
86, 65, 52,
220, 119, 221,
176, 175, 131,
44, 57, 23,
41, 75, 20,
122, 101, 67,
70, 49, 36,
109, 143, 75,
221, 119, 222,
119, 85, 222,
175, 174, 110,
80, 59, 46,
167, 136, 102,
102, 136, 47,
93, 127, 72,
223, 85, 224,
136, 81, 47,
49, 62, 28,
222, 85, 223,
174, 173, 110,
123, 168, 102,
85, 140, 224,
173, 172, 144,
57, 70, 36,
96, 41, 62,
135, 80, 46,
115, 94, 60,
73, 141, 52,
224, 140, 225,
80, 114, 59,
227, 106, 127,
172, 171, 89,
164, 115, 81,
81, 115, 60,
165, 81, 136,
225, 140, 106,
225, 106, 226,
171, 170, 89,
226, 106, 227,
170, 169, 123,
161, 128, 94,
94, 128, 39,
231, 230, 114,
101, 135, 46,
101, 46, 67,
88, 67, 54,
227, 127, 228,
169, 168, 123,
228, 127, 93,
228, 93, 229,
107, 141, 73,
65, 99, 44,
44, 78, 57,
168, 167, 102,
141, 86, 52,
57, 91, 70,
229, 93, 230,
167, 166, 136,
115, 162, 94,
143, 54, 75,
143, 88, 54,
128, 107, 73,
154, 120, 86,
159, 107, 128,
233, 80, 135,
88, 122, 67,
230, 93, 114,
114, 232, 231,
166, 165, 136,
130, 75, 41,
236, 101, 122,
114, 80, 232,
120, 99, 65,
165, 164, 81,
133, 78, 44,
96, 62, 117,
96, 130, 41,
62, 49, 83,
232, 80, 233,
164, 163, 115,
104, 49, 70,
86, 120, 65,
99, 133, 44,
156, 86, 141,
143, 109, 241,
130, 109, 75,
236, 122, 237,
233, 135, 234,
163, 162, 115,
151, 133, 99,
112, 57, 78,
112, 91, 57,
125, 104, 70,
138, 83, 49,
234, 135, 235,
162, 161, 94,
107, 157, 141,
148, 112, 78,
83, 117, 62,
242, 109, 243,
104, 138, 49,
246, 96, 117,
235, 101, 236,
235, 135, 101,
161, 160, 128,
122, 238, 237,
91, 125, 70,
249, 83, 250,
254, 125, 91,
160, 159, 128,
122, 88, 238,
159, 158, 107,
238, 88, 239,
158, 157, 107,
120, 152, 99,
239, 88, 240,
157, 156, 141,
240, 143, 241,
240, 88, 143,
156, 155, 86,
241, 109, 242,
155, 154, 86,
133, 149, 78,
109, 130, 243,
154, 153, 120,
243, 130, 244,
153, 152, 120,
130, 96, 245,
244, 130, 245,
152, 151, 99,
112, 146, 91,
245, 96, 246,
151, 150, 133,
246, 117, 247,
117, 248, 247,
150, 149, 133,
117, 83, 248,
149, 148, 78,
248, 83, 249,
138, 250, 83,
148, 147, 112,
138, 251, 250,
147, 146, 112,
138, 104, 251,
146, 255, 91,
253, 104, 125,
255, 254, 91,
252, 251, 104,
254, 253, 125,
253, 252, 104,
]