vertices = [
0.0047949087942384,
-0.0053857183286517,
-0.0265455008654656,
0.0292165290004012,
0.0020420243294799,
-0.0516293380813415,
0.0308441362155785,
0.0386465025108860,
-0.0511014101374325,
-0.0146561732754923,
0.0514463361887480,
-0.0277725995794880,
-0.0153249854706345,
0.0712733934465706,
-0.0413785157849658,
-0.0658613638908504,
0.0754810258706625,
0.0200748350862746,
-0.0739352583985395,
0.0352069615702409,
0.0402033951771504,
-0.0836269264767422,
0.0299145932271734,
0.0920854496401346,
-0.0880114465430415,
-0.0493755370606420,
0.1032113828182349,
-0.0219782590985839,
-0.0626647270421147,
0.0863469218843334,
-0.0103268947251106,
-0.1068364576391582,
0.0802121196640311,
0.0712995909106624,
-0.1093622066140117,
0.0010004137930615,
0.0879462169666817,
-0.0724759175295870,
-0.0147767865210059,
0.1205891144565741,
-0.0727425512076822,
-0.1012003355396879,
0.1245805790120660,
0.0251129964942241,
-0.1110205386602117,
0.0674031314417059,
0.0334638834412452,
-0.1328640741088743,
0.0681169220528363,
0.1214720588715645,
-0.1346176735084768,
-0.0447176518136340,
0.1338672683184065,
-0.0580352411767161,
-0.0603858969890760,
0.1347275398194955,
-0.0467709258183341,
-0.1396166624290991,
0.1288877206229917,
0.0725991818742178,
-0.1456911675394416,
0.0347676277573446,
0.0829538129128875,
-0.1228361118051500,
0.0250546770477655,
0.1489856133700211,
-0.1206557429128003,
-0.0946422282392620,
0.1592614276832156,
-0.0128067829930984,
-0.1101457910541443,
0.1190451201941242,
-0.0032453658993907,
-0.1655611401826064,
0.1162670041920803,
0.1216119368943888,
-0.1685692600296371,
-0.0106298306014861,
0.1334963978083941,
-0.1083703771404182,
-0.0250341860411563,
0.1728600561362490,
-0.0994059715141507,
-0.1466393970225487,
0.1726485601708896,
0.0441502188249408,
-0.1588401829428746,
0.0862018063138078,
0.0613270112513007,
-0.1729709297071076,
0.0739214568643165,
0.1702316352547071,
-0.1705755692425888,
-0.0760184542293451,
0.1778058389983764,
-0.0639401734442641,
-0.0888627276528681,
0.1689471943493323,
-0.0525331164360156,
-0.1855303305487849,
0.1647327782203491,
0.1029359530285343,
-0.1921175028551973,
0.0361506168591613,
0.1173243407061368,
-0.1580368247236399,
0.0204224186980713,
0.1974404123573773,
-0.1490222735872744,
-0.1333069801661206,
0.2024588040110402,
0.0053852169857417,
-0.1550362868600460,
0.1355631006122086,
0.0227441583572081,
-0.2039194275821142,
0.1231737700196716,
0.1681488734718712,
-0.2044029019950636,
-0.0404222409850223,
0.1808002045327743,
-0.1115840920190026,
-0.0587564920771234,
0.2058870579534934,
-0.0983008759344135,
-0.1941903145398859,
0.2045308679955000,
0.0792970675212174,
-0.2051654406832004,
0.0820357559978095,
0.0997629909133527,
-0.2023402042886289,
0.0644291475824744,
0.2163712423476677,
-0.1924952978728818,
-0.1177900883367622,
0.2161853324252165,
-0.0399447853970192,
-0.1337431825959927,
0.1780193919923075,
-0.0231600534730470,
-0.2217685968293097,
0.1686840351951999,
0.1501610727977616,
-0.2265498532336651,
0.0028449976508701,
0.1659216125378213,
-0.1577230656899591,
-0.0172032602457699,
0.2303633026434983,
-0.1452670742994546,
-0.1824988219053369,
0.2318239443167983,
0.0411994471456486,
-0.2012126716572357,
0.1296687543228819,
0.0626799167195020,
-0.2301914820250753,
0.1124778422065002,
0.2146046704794966,
-0.2258320104017566,
-0.0833799782445500,
0.2242873592327784,
-0.0913793208413444,
-0.1052241892396307,
0.2192248452573697,
-0.0737528551243311,
-0.2367873752429056,
0.2136588873400668,
0.1270636183584664,
-0.2415488469327860,
0.0505161519743865,
0.1467072654131922,
-0.2040302097586470,
0.0292949897810278,
0.2489140340909369,
-0.1917537997836284,
-0.1655877634137551,
0.2511155249240803,
-0.0059862704701650,
-0.1817972850795309,
0.1795826992492897,
0.0167864297438883,
-0.2527497202731798,
0.1637456439276567,
0.1991948760246250,
-0.2531066806306892,
-0.0388306223652625,
0.2141807551786092,
-0.1470666124927482,
-0.0625160906825360,
0.2533535440396423,
-0.1298359937181318,
-0.2297610576205325,
0.2508658624542550,
0.0873267287505871,
-0.2457507623692984,
0.1073364813426069,
0.1124030149807104,
-0.2487130054760753,
0.0865767012886580,
0.2586625279153789,
-0.2376735816731292,
-0.1338174962887773,
0.2626480949838950,
-0.0612800576999839,
-0.1550164247844896,
0.2262290387451541,
-0.0353963717734318,
-0.2691374169176129,
0.2126384469321201,
0.1767169106435559,
-0.2755003106102432,
0.0116016410294927,
0.1957022335627895,
-0.1988676604956622,
-0.0125605505491666,
0.2794415692311153,
-0.1828624751045324,
-0.2157747465122606,
0.2784979724581074,
0.0389475479850901,
-0.2283395963477444,
0.1671625463209575,
0.0643396182287075,
-0.2769554256970990,
0.1467537017742671,
0.2464085015635736,
-0.2716409254513910,
-0.0866851200069714,
0.2569744078704081,
-0.1248474913513339,
-0.1119976554758313,
0.2647825694613760,
-0.1063875951446421,
-0.2708929637322826,
0.2594428936611291,
0.1364848726116690,
-0.2798784289555401,
0.0708253534870340,
0.1614079851404513,
-0.2479360750519133,
0.0481854596975652,
0.2882660858666607,
-0.2329602608391495,
-0.1837428234032058,
0.2908729276230332,
-0.0210006753540715,
-0.2033130648029501,
0.2205528653228302,
0.0064978748419908,
-0.2943457305067118,
0.2019339878200740,
0.2247903556500821,
-0.2960173942792982,
-0.0328384105787320,
0.2404641640783572,
-0.1836240983696893,
-0.0594523399734677,
0.2963304797524827,
-0.1633620270271051,
-0.2596563651677582,
0.2941929172429203,
0.0882453911603327,
-0.2676511396915060,
0.1465708116630735,
0.1124087722532808,
-0.2924052449366796,
0.1222395182918997,
0.2848994621826589,
-0.2815149205004169,
-0.1347634168166522,
0.2916773984765763,
-0.0950317292199658,
-0.1607386102701600,
0.2705361021553002,
-0.0710241866097136,
-0.2973146619505113,
0.2569876251040445,
0.1840711166963908,
-0.3114852029319516,
0.0391446147340817,
0.2056194488787077,
-0.2427763088628890,
0.0131161837196918,
0.3163892125844539,
-0.2259389012816402,
-0.2281258053031816,
0.3158624927764215,
0.0157970266306126,
-0.2448755577833722,
0.2086140351675193,
0.0462060573806610,
-0.3153978661373426,
0.1875368334877257,
0.2662874103121732,
-0.3138297243427533,
-0.0774915553560786,
0.2782691159689391,
-0.1646664282285172,
-0.1049485532294228,
0.3065808432531716,
-0.1406020581219554,
-0.2973040490917337,
0.3034576752429031,
0.1348457730859558,
-0.2968899429900542,
0.1132624026054878,
0.1582569562086628,
-0.2924098789115564,
0.0891123132933601,
0.3136561110973857,
-0.2761900463837452,
-0.1808070219696678,
0.3166809737941803,
-0.0593031761192518,
-0.2052939949280257,
0.2647689871220227,
-0.0314536262829157,
-0.3215015175399587,
0.2455075012417253,
0.2280371840014164,
-0.3298654790898852,
0.0009211654845181,
0.2459979827357561,
-0.2284500274422422,
-0.0294580140679836,
0.3312693013639489,
-0.2074035911251904,
-0.2688765893616761,
0.3280257831994414,
0.0583006584638556,
-0.2808265867248823,
0.1874095519633162,
0.0906614588354915,
-0.3296068404630058,
0.1611232569579829,
0.3018949494529019,
-0.3197086341263161,
-0.1207168323108981,
0.3080555992865518,
-0.1338633750049649,
-0.1507726061391567,
0.3108146274846649,
-0.1085270670445692,
-0.3261571435584398,
0.2990254487973362,
0.1791042571543106,
-0.3281316445754948,
0.0806675414911589,
0.2039251474437617,
-0.2852753663210328,
0.0545558464552189,
0.3360796893788388,
-0.2699428769732619,
-0.2267308518565070,
0.3376047449482913,
-0.0233575795866612,
-0.2487308834262331,
0.2516116745370804,
0.0090601466273358,
-0.3404364797605003,
0.2318454419861339,
0.2728693295463856,
-0.3393281658782746,
-0.0463403571642215,
0.2853987873366247,
-0.2083372870091858,
-0.0782441563767999,
0.3392600698013316,
-0.1834110525988215,
-0.3075196805380210,
0.3373212470954710,
0.1117912731288905,
-0.3129918986931557,
0.1560248711160489,
0.1418025506584067,
-0.3337936544428826,
0.1283390441838067,
0.3354529354225124,
-0.3176059162631361,
-0.1726186567340750,
0.3381422371003065,
-0.0974902742250417,
-0.1996615241067890,
0.3084330101841615,
-0.0698049175521944,
-0.3441211013262823,
0.2891212574781851,
0.2265813400804357,
-0.3586694600568406,
0.0488400551278115,
0.2476481614234552,
-0.2737169889717484,
0.0157218262762981,
0.3617572124765064,
-0.2512421433074855,
-0.2711831351389604,
0.3597717156818032,
0.0163925514791898,
-0.2888518662653624,
0.2314795808561783,
0.0531883541749468,
-0.3573070916165981,
0.2057824439971705,
0.3118551107235741,
-0.3572430743137079,
-0.0984724887112235,
0.3198234916636035,
-0.1785766644996066,
-0.1277950315081604,
0.3460248231482714,
-0.1516666407731466,
-0.3424018371890739,
0.3407602182068166,
0.1670416769817890,
-0.3432188606008564,
0.1211491359768282,
0.1949020005207268,
-0.3250665858028719,
0.0944599564553115,
0.3674054023457753,
-0.3131259343881111,
-0.2213555018200320,
0.3676145418912758,
-0.0614132958828101,
-0.2478582770469270,
0.2932633993092287,
-0.0253872101947173,
-0.3689571253961123,
0.2748377264380218,
0.2711586073593368,
-0.3717812053296561,
-0.0225717359642179,
0.2900182086014182,
-0.2528431024862806,
-0.0579919981749689,
0.3729008287503955,
-0.2274356978176536,
-0.3158725242866279,
0.3652700434679113,
0.0793232194139368,
-0.3230746053544479,
0.2018472824718657,
0.1184006409070096,
-0.3696969027456322,
0.1730650771159400,
0.3467907154890943,
-0.3516621991196439,
-0.1519766048100488,
0.3492666802941161,
-0.1424505151502920,
-0.1816550267456086,
0.3477754160659686,
-0.1152184939584322,
-0.3732649264435285,
0.3287401622902831,
0.2174592132894199,
-0.3752034707866354,
0.0865460070638325,
0.2434101176132538,
-0.3179830515654865,
0.0531379735162702,
0.3768369033809086,
-0.2949331025862986,
-0.2696323055198825,
0.3772702022695550,
-0.0191438326880536,
-0.2933823480812575,
0.2758862044863483,
0.0221929912532086,
-0.3786882392283269,
0.2515960824964430,
0.3182859551157007,
-0.3783656952690518,
-0.0660979971136387,
0.3271594141570766,
-0.2243236357600690,
-0.1018667372279827,
0.3792018272347477,
-0.1973869834452390,
-0.3515407538407732,
0.3744278640107677,
0.1447256448492632,
-0.3532311720188596,
0.1663960838788759,
0.1808136924216211,
-0.3588161833196949,
0.1385760907872970,
0.3803114584806461,
-0.3529014897297937,
-0.2061213560504712,
0.3788505086503746,
-0.1059563754957592,
-0.2397571603389397,
0.3320528790046771,
-0.0700906386961338,
-0.3802122449495949,
0.3195489652075071,
0.2653832986551845,
-0.3733136060922526,
0.0164404035509927,
0.2883844004467794,
-0.2960455211424691,
-0.0191504991078853,
0.3735874671816794,
-0.2699202999696621,
-0.3118734978815918,
0.3763966072924309,
0.0467180010933167,
-0.3306830704114812,
0.2488617394376918,
0.0824103455849342,
-0.3779656243498651,
0.2199509457378303,
0.3551148757571071,
-0.3844549205695435,
-0.1291099134867625,
0.3586919773561668,
-0.1888732483610263,
-0.1483149162698678,
0.3816941004436142,
-0.1618657794688651,
-0.3843757621466924,
0.3646873688190476,
0.2077779602429248,
-0.3831569268576478,
0.1318454708095400,
0.2307616517758196,
-0.3586779240971268,
-0.3352132505677609,
-0.2620985495261937,
-0.2891088698408438,
0.3175321878506980,
0.2944922545586821,
0.3112199988132009,
0.3333772410048794,
-0.2690090994674172,
-0.2443230010238276,
-0.3596404869234821,
0.3820540520168175,
0.1103798771434019,
-0.3617207710479365,
0.2127610433064999,
0.1543202147205776,
-0.3855529296810463,
0.1847744419967506,
0.3874739806368718,
-0.3858228464242254,
-0.1759588385976796,
0.3868230929789029,
-0.1531353183353011,
-0.2274536866822837,
0.3666518007892685,
0.3622345573863048,
0.2544941761300164,
0.2853914989103213,
-0.3389651068868116,
-0.3164745378278478,
-0.3107837479163509,
-0.3358586422567479,
0.2966133872167221,
0.2668816518189017,
0.3615817160706626,
0.3664615861246828,
-0.2353165248835065,
-0.2082358552742578,
-0.3919344460955965,
0.3902981567904797,
0.1805780643105111,
-0.3904434492691424,
0.1780899639004907,
0.2012221835979856,
-0.3931168004744133,
-0.3705357389537930,
-0.2491186313997674,
-0.2761823396834569,
0.3576802262721951,
0.3369243021560170,
0.3045540887962153,
0.3276823770579899,
-0.3102998906720029,
-0.2879927905401624,
-0.3463067302638907,
-0.3695916964031746,
0.2583937131260562,
0.2299024094657835,
0.3964794000382011,
0.3955163315597978,
-0.2001177143945986,
-0.1895099101984282,
0.3891439490721036,
0.3996623470851983,
0.2269766200812575,
0.2718996314636474,
-0.3754326843699884,
-0.3550253193859603,
-0.3015927832290874,
-0.3237333496215740,
0.3413301861913519,
0.3103209811817743,
0.3488751685050351,
0.3746716926634172,
-0.2819788380538920,
-0.2515676692623900,
-0.4037179854368502,
-0.3993323347455303,
0.2236740210629158,
-0.3960489954504370,
-0.2171333229485838,
-0.2666024497984208,
0.3982388897416824,
0.3763265960069436,
0.2958355102886893,
0.3281741011284530,
-0.3524998594186934,
-0.3281960552388005,
-0.3540446664199272,
-0.3800727756846538,
0.3004835180783601,
0.2718619119103461,
0.4073177878620667,
0.4035132570378031,
-0.2459892419461646,
0.2422406196347850,
-0.4020227819696578,
-0.3883491900052250,
-0.2875203776229748,
-0.3105949486644671,
0.3816045080393491,
0.3519003421564916,
0.3421052458521922,
0.3630080162779963,
-0.3239299945531585,
-0.2879477507352362,
-0.3832835130110455,
-0.4085020684618493,
0.2671907187986526,
-0.2294503943990464,
0.4038948403238460,
0.4065681864689683,
0.2678286423763544,
0.3106022242668851,
-0.3871866067767703,
-0.3637394442449123,
-0.3411496513541430,
-0.3633981629822217,
0.3387706001072097,
0.3074983502081634,
0.3883492412809830,
0.4163213060498171,
-0.2878506941294801,
-0.4105553775005143,
-0.2582663526844634,
-0.2968023485302251,
0.4197852735906519,
0.3888656973704674,
0.3339267126969016,
0.3693944745099803,
-0.3629943972286042,
-0.3308915907172467,
-0.3947466874403798,
-0.4218704119076141,
0.3081756714967961,
0.2834804863747563,
-0.4163919819260465,
-0.3966780697470231,
-0.3268567437973097,
-0.3504627001213311,
0.3794169568141575,
0.3481401240763628,
0.3800606313045715,
0.3990107858367198,
-0.3234110267866193,
-0.2969692624173361,
-0.4196495270179485,
0.4202340862770275,
0.3076018252087342,
0.3490090122144743,
-0.3966180460990977,
-0.3680025488356582,
-0.3793651954669555,
-0.4024458954699192,
0.3412456027277905,
0.3173725161386817,
0.4250526383326572,
-0.4235966298492508,
-0.3022712238053626,
-0.3331494774676584,
0.4197900204733849,
0.3887918477782906,
0.3737970508243602,
0.4067995406638724,
-0.3657504203498832,
-0.3396238515519219,
-0.4332897695590725,
0.3249746467724437,
-0.4268580597952539,
-0.4042141226783380,
-0.3645155362583918,
-0.3895000705358961,
0.3776428407849651,
0.3545891691287815,
0.4136444168980600,
0.4332078774970972,
-0.3336834532091447,
0.4256239779389375,
0.3474634293718853,
0.3861146186196854,
-0.4038903810059373,
-0.3748861697729416,
-0.4145137449566920,
-0.4389138862692479,
0.3499379854301209,
-0.4344750681268743,
-0.3423393635582572,
-0.3741457607328359,
0.4125992238225611,
0.3921470187947714,
0.4152641466473058,
0.4442497557327379,
-0.3729287582511339,
0.3632880686026282,
-0.4395793160347538,
-0.4120103322832777,
-0.3984022089896248,
-0.4245692108931610,
0.3840817784596139,
0.3622186278693904,
0.4453309842088076,
-0.3591418492003535,
0.4440736921320855,
0.4225047165750342,
0.3936226575497986,
0.4222108340878927,
-0.4054009203995575,
-0.3803929072164866,
-0.4493803756033050,
-0.4460468269926755,
-0.3782871090346061,
-0.4094015932465307,
0.4192851703802823,
0.3981037907489901,
0.4529843926180752,
0.4492708042258908,
0.3714350464515295,
0.3989941061564986,
-0.4426094013520216,
-0.4152878992155226,
-0.4315397294944291,
-0.4569291719085445,
0.3924815864522258,
-0.3932848013401236,
0.4522491656350273,
0.4312630956926558,
0.4327571709202694,
0.4606283076987642,
-0.4079965477549934,
-0.4524364804877098,
-0.4109592810049736,
-0.4410894706521498,
0.4262388995231626,
0.4599747180197648,
0.4069542122892550,
0.4384934946204318,
-0.4389091882055976,
-0.4160229824554917,
-0.4662129403257368,
-0.4242293988150763,
0.4625137767045861,
0.4267220793359964,
0.4699742813303125,
0.4178710860758615,
-0.4690882056828032,
-0.4474896020800310,
-0.4480907024936856,
-0.4746033838728571,
0.4286847770456796,
0.4688859996318459,
0.4388345951126858,
0.4744565224924889,
-0.4425325119068021,
-0.4768369608123280,
-0.4318799459525188,
-0.4585475032005071,
0.4583268931537847,
0.4515304399045640,
-0.4734775844043349,
-0.4497990764323292,
-0.4815742394222849,
-0.4495334295977030,
0.4866764552042306,
0.4548148293529560,
0.4722160929196031,
-0.4815933680483825,
-0.4627003377022460,
-0.4890141339440160,
0.4627475869014144,
0.4881803445878222,
0.4633102420639129,
0.4911813603748317,
-0.4704538736654768,
-0.4788523225859881,
0.4954569678222951,
0.4728145237344254,
0.4946487238775781,
0.4715197438903903,
-0.4952402901241647,
-0.4771524933821187,
-0.4977616619792376,
0.5060412649997087,
0.4871009898033496,
-0.5028710868190635,
-0.4837617266095853,
-0.5087702553518880,
0.4893545817391127,
0.4947723643721509,
-0.5115001112710633,
0.4942747581506102,
0.5124085935649474,
-0.5213159395620555,
-0.5057607343533023,
0.5115944396230941,
-0.4929615146097587,
-0.5017818674612315,
0.5156755517175039,
-0.5013728007102497,
-0.5174351915517694,
0.5186564897096013,
0.5141359264296103,
0.5206892053856680,
-0.5206415576052782,
-0.5256099892353455,
0.5223302779100815,
-0.5298382192498392,
-0.5309867570840293,
0.5313497694820485,
0.5319718508248725,
-0.5412387270974999,
0.5413795807464005,
0.5369950915178245,
-0.5368375030509972,
0.5465915641551271,
0.5466233309311053,
-0.5480278331741416,
-0.5480580470282144,
0.5526109407036964,
-0.5526964514979916,
-0.5581038142056377,
0.5581099942474305,
0.5609680464360288,
0.5609728461279124,
0.5680121534064699,
-0.5680154704243769,
-0.5658947417500142,
-0.5658983477875681,
-0.5744313749260967,
0.5744384558616348,
0.5757898251187593,
0.5757893346408161,
0.6063747200787613,
0.6063747200787393,
0.6063922809209978,
-0.6064008724388830,
0.6400364681314461,
-0.6400364681314461,
0.6400364681314461,
0.6400364681314461,
-0.6400364681314461,
0.6400364681314461,
-0.6400364681314461,
-0.6400364681314461,
0.6353930429534456,
-0.6343265568278829,
-0.6343265568278829,
0.6353930429534456,
-0.6353930429534456,
-0.6343265568278829,
-0.6343265568278829,
-0.6353930429534456,
0.6304805816472129,
-0.6281919640411154,
-0.6281919640411152,
0.6304805816472128,
-0.6304805816472129,
-0.6281919640411154,
-0.6281919640411152,
-0.6304805816472128,
0.6253199846157124,
-0.6216404992787273,
-0.6216404992787273,
0.6253199846157124,
-0.6253199846157124,
-0.6216404992787273,
-0.6216404992787273,
-0.6253199846157124,
0.6198754792948755,
-0.6146059427891777,
-0.6146059427891777,
0.6198754792948755,
-0.6198754792948755,
-0.6146059427891777,
-0.6146059427891777,
-0.6198754792948755,
0.6140262985719497,
-0.6069032685082991,
-0.6069032685082991,
0.6140262985719497,
-0.6140262985719497,
-0.6069032685082991,
-0.6069032685082991,
-0.6140262985719497,
0.6079093243312538,
-0.5986808208147866,
-0.5986808208147865,
0.6079093243312537,
-0.6079093243312538,
-0.5986808208147866,
-0.5986808208147865,
-0.6079093243312537,
0.6013632281602069,
-0.5896842940183279,
-0.5896842940183279,
0.6013632281602069,
-0.6013632281602069,
-0.5896842940183279,
-0.5896842940183279,
-0.6013632281602069,
0.5946266860116284,
-0.5802033181793745,
-0.5802033181793745,
0.5946266860116284,
-0.5946266860116284,
-0.5802033181793745,
-0.5802033181793745,
-0.5946266860116284,
0.5875096542147132,
-0.5699290692655710,
-0.5699290692655710,
0.5875096542147132,
-0.5875096542147132,
-0.5699290692655710,
-0.5699290692655710,
-0.5875096542147132,
0.5800430948613621,
-0.5588498645293226,
-0.5588498645293226,
0.5800430948613621,
-0.5800430948613621,
-0.5588498645293226,
-0.5588498645293226,
-0.5800430948613621,
0.5723315172213872,
-0.5470646781052348,
-0.5470646781052348,
0.5723315172213872,
-0.5723315172213872,
-0.5470646781052348,
-0.5470646781052348,
-0.5723315172213872,
0.5642589351504808,
-0.5343302322600911,
-0.5343302322600911,
0.5642589351504808,
-0.5642589351504808,
-0.5343302322600911,
-0.5343302322600911,
-0.5642589351504808,
0.5559681353934012,
-0.5207973795432090,
-0.5207973795432090,
0.5559681353934012,
-0.5559681353934012,
-0.5207973795432090,
-0.5207973795432090,
-0.5559681353934012,
0.5473734811327466,
-0.5062436012784660,
-0.5062436012784659,
0.5473734811327466,
-0.5473734811327466,
-0.5062436012784660,
-0.5062436012784659,
-0.5473734811327466,
0.5385668592390033,
-0.4907273874536234,
-0.4907273874536234,
0.5385668592390033,
-0.5385668592390033,
-0.4907273874536234,
-0.4907273874536234,
-0.5385668592390033,
0.5295770218221735,
-0.4741965209007726,
-0.4741965209007726,
0.5295770218221735,
-0.5295770218221735,
-0.4741965209007726,
-0.4741965209007726,
-0.5295770218221735,
0.5204595404217330,
-0.4566396118383866,
-0.4566396118383866,
0.5204595404217330,
-0.5204595404217330,
-0.4566396118383866,
-0.4566396118383866,
-0.5204595404217330,
0.5112145751083218,
-0.4379256345329446,
-0.4379256345329446,
0.5112145751083218,
-0.5112145751083218,
-0.4379256345329446,
-0.4379256345329446,
-0.5112145751083218,
0.5019511434221484,
-0.4181304788010554,
-0.4181304788010554,
0.5019511434221484,
-0.5019511434221484,
-0.4181304788010554,
-0.4181304788010554,
-0.5019511434221484,
0.4927026962424264,
-0.3971694078350418,
-0.3971694078350418,
0.4927026962424264,
-0.4927026962424264,
-0.3971694078350418,
-0.3971694078350418,
-0.4927026962424264,
0.4835515482840950,
-0.3750538557955206,
-0.3750538557955206,
0.4835515482840950,
-0.4835515482840950,
-0.3750538557955206,
-0.3750538557955206,
-0.4835515482840950,
0.4745779047387731,
-0.3517895245125581,
-0.3517895245125581,
0.4745779047387731,
-0.4745779047387731,
-0.3517895245125581,
-0.3517895245125581,
-0.4745779047387731,
0.4658734517107773,
-0.3274136780217339,
-0.3274136780217339,
0.4658734517107773,
-0.4658734517107773,
-0.3274136780217339,
-0.3274136780217339,
-0.4658734517107773,
0.4574960403353218,
-0.3018650453733974,
-0.3018650453733974,
0.4574960403353218,
-0.4574960403353218,
-0.3018650453733974,
-0.3018650453733974,
-0.4574960403353218,
0.4495661931373343,
-0.2752724241130968,
-0.2752724241130968,
0.4495661931373343,
-0.4495661931373343,
-0.2752724241130968,
-0.2752724241130968,
-0.4495661931373343,
0.4421568811980549,
-0.2476309995597177,
-0.2476309995597177,
0.4421568811980549,
-0.4421568811980549,
-0.2476309995597177,
-0.2476309995597177,
-0.4421568811980549,
0.4353609652351598,
-0.2190145376907086,
-0.2190145376907086,
0.4353609652351598,
-0.4353609652351598,
-0.2190145376907086,
-0.2190145376907086,
-0.4353609652351598,
0.4292656836856430,
-0.1895040127864807,
-0.1895040127864807,
0.4292656836856430,
-0.4292656836856430,
-0.1895040127864807,
-0.1895040127864807,
-0.4292656836856430,
0.4239541190068339,
-0.1592032220295932,
-0.1592032220295932,
0.4239541190068339,
-0.4239541190068339,
-0.1592032220295932,
-0.1592032220295932,
-0.4239541190068339,
0.4195003789308276,
-0.1282283451844098,
-0.1282283451844098,
0.4195003789308276,
-0.4195003789308276,
-0.1282283451844098,
-0.1282283451844098,
-0.4195003789308276,
0.4159654112090535,
-0.0966838365278602,
-0.0966838365278602,
0.4159654112090535,
-0.4159654112090535,
-0.0966838365278602,
-0.0966838365278602,
-0.4159654112090535,
0.4134011084948834,
-0.0646956093060253,
-0.0646956093060253,
0.4134011084948834,
-0.4134011084948834,
-0.0646956093060253,
-0.0646956093060253,
-0.4134011084948834,
0.4118476097036544,
-0.0324306866222247,
-0.0324306866222247,
0.4118476097036544,
-0.4118476097036544,
-0.0324306866222247,
-0.0324306866222247,
-0.4118476097036544,
0.4113267636341490,
0.0000008021825920,
0.0000008021825920,
0.4113267636341490,
-0.4113267636341490,
0.0000008021825920,
0.0000008021825920,
-0.4113267636341490,
0.4118475149635437,
0.0324277377335531,
0.0324277377335531,
0.4118475149635437,
-0.4118475149635437,
0.0324277377335531,
0.0324277377335531,
-0.4118475149635437,
0.4134012864309797,
0.0646983811696840,
0.0646983811696840,
0.4134012864309797,
-0.4134012864309797,
0.0646983811696840,
0.0646983811696840,
-0.4134012864309797,
0.4159657268790906,
0.0966871186715857,
0.0966871186715857,
0.4159657268790906,
-0.4159657268790906,
0.0966871186715857,
0.0966871186715857,
-0.4159657268790906,
0.4195000781192393,
0.1282259951713896,
0.1282259951713896,
0.4195000781192393,
-0.4195000781192393,
0.1282259951713896,
0.1282259951713896,
-0.4195000781192393,
0.4239560471888578,
0.1592153001625088,
0.1592153001625088,
0.4239560471888578,
-0.4239560471888578,
0.1592153001625088,
0.1592153001625088,
-0.4239560471888578,
0.4292659835970239,
0.1895055826935839,
0.1895055826935839,
0.4292659835970239,
-0.4292659835970239,
0.1895055826935839,
0.1895055826935839,
-0.4292659835970239,
0.4353611003745502,
0.2190151460117960,
0.2190151460117960,
0.4353611003745502,
-0.4353611003745502,
0.2190151460117960,
0.2190151460117960,
-0.4353611003745502,
0.4421554453064847,
0.2476253222529519,
0.2476253222529519,
0.4421554453064847,
-0.4421554453064847,
0.2476253222529519,
0.2476253222529519,
-0.4421554453064847,
0.4495647170726273,
0.2752672137438956,
0.2752672137438956,
0.4495647170726273,
-0.4495647170726273,
0.2752672137438956,
0.2752672137438956,
-0.4495647170726273,
0.4574991425930538,
0.3018749495819145,
0.3018749495819145,
0.4574991425930538,
-0.4574991425930538,
0.3018749495819145,
0.3018749495819145,
-0.4574991425930538,
0.4658687176707764,
0.3273998641232132,
0.3273998641232132,
0.4658687176707764,
-0.4658687176707764,
0.3273998641232132,
0.3273998641232132,
-0.4658687176707764,
0.4745824286623528,
0.3518016981311118,
0.3518016981311118,
0.4745824286623528,
-0.4745824286623528,
0.3518016981311118,
0.3518016981311118,
-0.4745824286623528,
0.4835560247605890,
0.3750650474586600,
0.3750650474586600,
0.4835560247605890,
-0.4835560247605890,
0.3750650474586600,
0.3750650474586600,
-0.4835560247605890,
0.4927019801356922,
0.3971677336505249,
0.3971677336505249,
0.4927019801356922,
-0.4927019801356922,
0.3971677336505249,
0.3971677336505249,
-0.4927019801356922,
0.5019478998980141,
0.4181233475997472,
0.4181233475997472,
0.5019478998980141,
-0.5019478998980141,
0.4181233475997472,
0.4181233475997472,
-0.5019478998980141,
0.5112192343381626,
0.4379353164712936,
0.4379353164712935,
0.5112192343381625,
-0.5112192343381626,
0.4379353164712936,
0.4379353164712935,
-0.5112192343381625,
0.5204505157171290,
0.4566218089711427,
0.4566218089711427,
0.5204505157171290,
-0.5204505157171290,
0.4566218089711427,
0.4566218089711427,
-0.5204505157171290,
0.5295889883861191,
0.4742190217842952,
0.4742190217842952,
0.5295889883861191,
-0.5295889883861191,
0.4742190217842952,
0.4742190217842952,
-0.5295889883861191,
0.5385794412512369,
0.4907500181318695,
0.4907500181318695,
0.5385794412512369,
-0.5385794412512369,
0.4907500181318695,
0.4907500181318695,
-0.5385794412512369,
0.5473816818608507,
0.5062577569614378,
0.5062577569614378,
0.5473816818608507,
-0.5473816818608507,
0.5062577569614378,
0.5062577569614378,
-0.5473816818608507,
0.5559569448001446,
0.5207787865870948,
0.5207787865870948,
0.5559569448001446,
-0.5559569448001446,
0.5207787865870948,
0.5207787865870948,
-0.5559569448001446,
0.5642772303027259,
0.5343595737347744,
0.5343595737347744,
0.5642772303027259,
-0.5642772303027259,
0.5343595737347744,
0.5343595737347744,
-0.5642772303027259,
0.5723200767107799,
0.5470469248261871,
0.5470469248261871,
0.5723200767107799,
-0.5723200767107799,
0.5470469248261871,
0.5470469248261871,
-0.5723200767107799,
0.5800637395272471,
0.5588809383017243,
0.5588809383017243,
0.5800637395272471,
-0.5800637395272471,
0.5588809383017243,
0.5588809383017243,
-0.5800637395272471,
0.5874963840340536,
0.5699096562274980,
0.5699096562274980,
0.5874963840340536,
-0.5874963840340536,
0.5699096562274980,
0.5699096562274980,
-0.5874963840340536,
0.5946106052467147,
0.5801804072494792,
0.5801804072494791,
0.5946106052467146,
-0.5946106052467147,
0.5801804072494792,
0.5801804072494791,
-0.5946106052467146,
0.6013998221834970,
0.5897351698814827,
0.5897351698814827,
0.6013998221834970,
-0.6013998221834970,
0.5897351698814827,
0.5897351698814827,
-0.6013998221834970,
0.6078629834954175,
0.5986178597705374,
0.5986178597705374,
0.6078629834954175,
-0.6078629834954175,
0.5986178597705374,
0.5986178597705374,
-0.6078629834954175,
0.6140014009832140,
0.6068701518935922,
0.6068701518935922,
0.6140014009832140,
-0.6140014009832140,
0.6068701518935922,
0.6068701518935922,
-0.6140014009832140,
0.6198206578472248,
0.6145344561258620,
0.6145344561258620,
0.6198206578472248,
-0.6198206578472248,
0.6145344561258620,
0.6145344561258620,
-0.6198206578472248,
0.6253249676725845,
0.6216468793194027,
0.6216468793194027,
0.6253249676725845,
-0.6253249676725845,
0.6216468793194027,
0.6216468793194027,
-0.6253249676725845,
0.6305231061860064,
0.6282454897592180,
0.6282454897592180,
0.6305231061860064,
-0.6305231061860064,
0.6282454897592180,
0.6282454897592180,
-0.6305231061860064,
0.6354233436089392,
0.6343640936033732,
0.6343640936033730,
0.6354233436089390,
-0.6354233436089392,
0.6343640936033732,
0.6343640936033730,
-0.6354233436089390,
]

triangles = [
0, 5, 2,
5, 10, 2,
0, 3, 5,
15, 7, 2,
2, 4, 0,
0, 1, 3,
3, 8, 5,
5, 18, 10,
7, 4, 2,
4, 1, 0,
13, 18, 5,
8, 13, 5,
23, 15, 10,
10, 15, 2,
31, 23, 10,
14, 6, 1,
1, 6, 3,
16, 21, 8,
39, 31, 18,
18, 31, 10,
20, 12, 7,
7, 12, 4,
4, 9, 1,
34, 26, 13,
13, 26, 18,
17, 9, 4,
16, 8, 3,
8, 21, 13,
11, 16, 3,
28, 20, 15,
15, 20, 7,
6, 11, 3,
36, 28, 15,
25, 17, 12,
12, 17, 4,
26, 39, 18,
44, 36, 23,
23, 36, 15,
44, 23, 31,
21, 34, 13,
26, 47, 39,
22, 14, 9,
9, 14, 1,
6, 19, 11,
37, 29, 16,
16, 29, 21,
21, 42, 34,
52, 44, 31,
14, 19, 6,
11, 24, 16,
41, 33, 20,
20, 33, 12,
33, 25, 12,
17, 22, 9,
32, 24, 11,
68, 47, 34,
34, 47, 26,
73, 52, 39,
39, 52, 31,
30, 22, 17,
14, 27, 19,
50, 42, 29,
29, 42, 21,
49, 41, 28,
28, 41, 20,
70, 49, 36,
36, 49, 28,
78, 57, 44,
44, 57, 36,
24, 37, 16,
40, 32, 19,
19, 32, 11,
24, 45, 37,
81, 60, 47,
47, 60, 39,
38, 30, 17,
35, 14, 22,
35, 27, 14,
76, 55, 42,
42, 55, 34,
86, 65, 52,
52, 65, 44,
46, 38, 25,
25, 38, 17,
46, 25, 33,
60, 73, 39,
55, 68, 34,
60, 94, 73,
37, 50, 29,
91, 70, 57,
57, 70, 36,
75, 54, 41,
54, 46, 33,
43, 22, 30,
43, 35, 22,
62, 41, 49,
41, 54, 33,
83, 62, 49,
99, 78, 65,
65, 78, 44,
53, 45, 32,
32, 45, 24,
37, 71, 50,
48, 40, 27,
27, 40, 19,
68, 81, 47,
84, 63, 50,
50, 63, 42,
55, 89, 68,
68, 102, 81,
107, 86, 73,
73, 86, 52,
51, 43, 30,
63, 76, 42,
45, 58, 37,
112, 91, 78,
78, 91, 57,
70, 83, 49,
72, 51, 38,
38, 51, 30,
81, 94, 60,
96, 75, 62,
62, 75, 41,
80, 59, 46,
67, 46, 54,
46, 59, 38,
40, 53, 32,
45, 79, 58,
69, 48, 35,
35, 48, 27,
40, 74, 53,
104, 83, 70,
76, 89, 55,
81, 115, 94,
88, 67, 54,
58, 71, 37,
63, 97, 76,
120, 99, 86,
86, 99, 65,
77, 56, 43,
43, 56, 35,
94, 107, 73,
89, 102, 68,
94, 128, 107,
125, 104, 91,
91, 104, 70,
83, 96, 62,
71, 84, 50,
76, 110, 89,
82, 61, 48,
48, 61, 40,
87, 66, 53,
53, 66, 45,
58, 92, 71,
71, 105, 84,
93, 72, 59,
59, 72, 38,
51, 64, 43,
99, 112, 78,
117, 96, 83,
75, 88, 54,
85, 64, 51,
109, 88, 75,
67, 80, 46,
101, 80, 67,
102, 115, 81,
84, 97, 63,
89, 123, 102,
141, 120, 107,
107, 120, 86,
99, 133, 112,
90, 69, 56,
56, 69, 35,
66, 79, 45,
95, 74, 61,
61, 74, 40,
66, 100, 79,
146, 125, 112,
112, 125, 91,
138, 117, 83,
97, 110, 76,
102, 136, 115,
115, 128, 94,
110, 123, 89,
115, 149, 128,
79, 92, 58,
84, 118, 97,
138, 83, 104,
96, 109, 75,
98, 77, 64,
64, 77, 43,
114, 93, 80,
80, 93, 59,
72, 85, 51,
106, 85, 72,
130, 109, 96,
88, 101, 67,
157, 136, 102,
154, 99, 120,
154, 133, 99,
74, 87, 53,
79, 113, 92,
103, 82, 69,
69, 82, 48,
74, 108, 87,
122, 101, 88,
92, 105, 71,
97, 131, 110,
162, 141, 107,
159, 104, 125,
159, 138, 104,
117, 130, 96,
167, 146, 112,
170, 149, 115,
128, 162, 107,
105, 118, 84,
178, 157, 123,
111, 90, 77,
77, 90, 56,
116, 95, 82,
82, 95, 61,
151, 130, 117,
109, 122, 88,
121, 100, 87,
87, 100, 66,
92, 126, 105,
175, 154, 120,
133, 167, 112,
123, 157, 102,
136, 170, 115,
144, 123, 110,
180, 159, 125,
172, 151, 117,
118, 131, 97,
165, 144, 110,
143, 122, 109,
101, 114, 80,
135, 114, 101,
93, 106, 72,
183, 162, 128,
141, 175, 120,
127, 106, 93,
85, 98, 64,
119, 98, 85,
100, 113, 79,
105, 139, 118,
191, 170, 136,
149, 183, 128,
188, 167, 133,
146, 180, 125,
95, 108, 74,
100, 134, 113,
124, 103, 90,
90, 103, 69,
95, 129, 108,
201, 180, 146,
113, 126, 92,
118, 152, 131,
172, 138, 193,
172, 117, 138,
164, 143, 109,
196, 175, 141,
154, 188, 133,
199, 178, 144,
144, 178, 123,
157, 191, 136,
164, 109, 130,
156, 135, 101,
160, 139, 105,
131, 165, 110,
148, 127, 114,
114, 127, 93,
106, 119, 85,
140, 119, 106,
98, 111, 77,
132, 111, 98,
204, 183, 149,
162, 196, 141,
186, 165, 131,
108, 121, 87,
113, 147, 126,
156, 101, 122,
137, 116, 103,
103, 116, 82,
212, 191, 157,
170, 204, 149,
193, 138, 159,
185, 164, 130,
173, 152, 118,
209, 188, 154,
167, 201, 146,
214, 193, 159,
256, 201, 167,
180, 214, 159,
155, 134, 100,
126, 160, 105,
185, 130, 151,
177, 156, 122,
217, 196, 162,
175, 209, 154,
225, 204, 170,
183, 217, 162,
177, 122, 143,
169, 148, 114,
116, 129, 95,
108, 142, 121,
121, 155, 100,
145, 124, 111,
111, 124, 90,
116, 150, 129,
153, 132, 98,
169, 114, 135,
161, 140, 106,
119, 153, 98,
168, 147, 113,
139, 173, 118,
161, 106, 127,
254, 199, 165,
165, 199, 144,
178, 212, 157,
181, 160, 126,
230, 209, 175,
575, 235, 579,
235, 214, 180,
206, 151, 172,
206, 185, 151,
198, 177, 143,
206, 172, 227,
207, 186, 152,
152, 186, 131,
163, 142, 108,
134, 168, 113,
191, 225, 170,
238, 217, 183,
246, 225, 191,
194, 173, 139,
233, 212, 178,
238, 183, 204,
196, 230, 175,
222, 167, 188,
201, 235, 180,
174, 153, 119,
158, 103, 124,
176, 155, 121,
145, 111, 166,
158, 137, 103,
129, 163, 108,
198, 143, 164,
190, 169, 135,
182, 161, 127,
140, 174, 119,
190, 135, 156,
148, 182, 127,
272, 222, 188,
222, 256, 167,
568, 233, 199,
199, 233, 178,
212, 246, 191,
166, 111, 132,
227, 172, 193,
219, 198, 164,
171, 150, 116,
189, 168, 134,
147, 181, 126,
270, 220, 186,
186, 220, 165,
203, 182, 148,
259, 238, 204,
567, 248, 214,
214, 248, 193,
571, 214, 235,
220, 254, 165,
251, 230, 196,
209, 243, 188,
251, 196, 217,
184, 163, 129,
142, 176, 121,
219, 164, 185,
211, 190, 156,
275, 246, 552,
560, 246, 212,
225, 259, 204,
264, 243, 209,
583, 579, 256,
195, 140, 161,
195, 174, 140,
187, 166, 132,
197, 176, 142,
155, 189, 134,
202, 181, 147,
160, 194, 139,
211, 156, 177,
169, 203, 148,
248, 227, 193,
240, 219, 185,
215, 194, 160,
173, 207, 152,
179, 158, 124,
137, 171, 116,
187, 132, 153,
145, 179, 124,
275, 259, 225,
228, 207, 173,
220, 576, 254,
268, 217, 238,
268, 251, 217,
286, 272, 243,
240, 185, 206,
232, 211, 177,
264, 209, 230,
243, 272, 188,
575, 571, 235,
210, 189, 155,
168, 202, 147,
192, 171, 137,
150, 184, 129,
205, 184, 150,
163, 197, 142,
176, 210, 155,
235, 201, 579,
248, 559, 227,
579, 201, 256,
208, 187, 153,
200, 179, 145,
246, 275, 225,
282, 268, 238,
564, 212, 233,
224, 203, 169,
250, 195, 161,
232, 177, 198,
190, 224, 169,
571, 567, 214,
583, 256, 222,
241, 270, 186,
568, 564, 233,
223, 202, 168,
181, 215, 160,
216, 161, 182,
174, 208, 153,
261, 206, 227,
261, 240, 206,
253, 232, 198,
278, 264, 230,
568, 199, 572,
200, 145, 166,
158, 192, 137,
572, 199, 254,
252, 197, 163,
282, 238, 259,
251, 278, 230,
236, 215, 181,
194, 228, 173,
207, 241, 186,
245, 224, 190,
564, 560, 212,
284, 241, 207,
576, 572, 254,
567, 563, 248,
587, 583, 222,
587, 222, 272,
237, 182, 203,
237, 216, 182,
249, 228, 194,
576, 220, 580,
229, 208, 174,
221, 200, 166,
253, 198, 219,
211, 245, 190,
216, 250, 161,
195, 229, 174,
555, 261, 227,
269, 253, 219,
560, 556, 246,
294, 282, 259,
294, 259, 275,
558, 237, 203,
216, 570, 250,
580, 220, 270,
231, 210, 176,
189, 223, 168,
563, 559, 248,
591, 587, 272,
213, 192, 158,
171, 205, 150,
226, 205, 171,
218, 252, 163,
218, 163, 184,
197, 231, 176,
264, 286, 243,
312, 286, 264,
244, 223, 189,
202, 236, 181,
221, 166, 187,
179, 213, 158,
269, 219, 240,
290, 251, 268,
290, 278, 251,
573, 231, 197,
556, 552, 246,
239, 218, 184,
252, 569, 197,
548, 294, 275,
301, 290, 268,
578, 229, 195,
242, 221, 187,
574, 195, 250,
584, 270, 241,
584, 580, 270,
265, 211, 232,
265, 245, 211,
224, 258, 203,
301, 268, 282,
242, 187, 208,
257, 236, 202,
277, 262, 228,
249, 194, 215,
228, 262, 207,
595, 591, 286,
286, 591, 272,
559, 555, 227,
283, 269, 240,
274, 258, 224,
237, 566, 216,
267, 249, 215,
234, 179, 200,
234, 213, 179,
260, 239, 205,
552, 548, 275,
311, 301, 282,
263, 242, 208,
255, 234, 200,
283, 240, 261,
279, 265, 232,
262, 284, 207,
296, 284, 262,
279, 232, 253,
245, 274, 224,
210, 244, 189,
223, 257, 202,
581, 244, 210,
577, 210, 231,
321, 297, 278,
278, 297, 264,
205, 239, 184,
565, 569, 252,
226, 171, 192,
588, 584, 241,
247, 226, 192,
547, 283, 261,
273, 257, 223,
236, 267, 215,
297, 312, 264,
304, 274, 245,
599, 595, 286,
562, 237, 558,
562, 566, 237,
229, 263, 208,
311, 282, 294,
290, 307, 278,
555, 551, 261,
566, 570, 216,
582, 263, 229,
255, 200, 221,
281, 267, 236,
249, 277, 228,
558, 203, 258,
548, 544, 294,
570, 574, 250,
540, 311, 294,
255, 221, 271,
213, 247, 192,
291, 253, 269,
291, 279, 253,
265, 287, 245,
565, 252, 218,
569, 573, 197,
554, 558, 258,
317, 291, 269,
302, 269, 283,
289, 277, 249,
284, 588, 241,
592, 588, 284,
561, 565, 218,
561, 218, 239,
316, 290, 301,
316, 307, 290,
297, 332, 312,
573, 577, 231,
244, 273, 223,
295, 260, 226,
226, 260, 205,
574, 578, 195,
266, 247, 213,
589, 273, 244,
300, 289, 267,
271, 242, 285,
271, 221, 242,
234, 266, 213,
298, 265, 279,
298, 287, 265,
550, 554, 258,
336, 316, 301,
312, 599, 286,
603, 599, 312,
557, 561, 239,
577, 581, 210,
551, 547, 261,
550, 258, 274,
285, 242, 263,
544, 540, 294,
311, 325, 301,
578, 582, 229,
320, 296, 277,
277, 296, 262,
287, 304, 245,
267, 289, 249,
281, 236, 257,
339, 321, 307,
307, 321, 278,
553, 557, 239,
553, 239, 260,
581, 585, 244,
293, 281, 257,
293, 257, 273,
590, 285, 263,
296, 592, 284,
543, 302, 283,
322, 298, 279,
287, 326, 304,
546, 550, 274,
308, 279, 291,
280, 266, 234,
247, 276, 226,
280, 234, 255,
280, 255, 292,
321, 332, 297,
288, 276, 247,
582, 586, 263,
276, 295, 226,
302, 317, 269,
332, 603, 312,
536, 325, 311,
316, 329, 307,
611, 607, 332,
547, 543, 283,
302, 337, 317,
540, 536, 311,
549, 553, 260,
585, 589, 244,
593, 293, 273,
281, 300, 267,
324, 300, 281,
289, 306, 277,
296, 596, 592,
322, 308, 340,
317, 308, 291,
352, 336, 325,
325, 336, 301,
304, 546, 274,
542, 546, 304,
313, 287, 298,
315, 306, 289,
336, 329, 316,
332, 607, 603,
600, 596, 296,
292, 255, 271,
266, 288, 247,
292, 271, 303,
586, 590, 263,
333, 313, 298,
303, 271, 285,
306, 320, 277,
545, 549, 295,
295, 549, 260,
319, 295, 276,
589, 593, 273,
335, 315, 300,
299, 288, 266,
313, 326, 287,
348, 332, 321,
594, 303, 285,
329, 339, 307,
354, 339, 329,
543, 539, 302,
536, 532, 325,
336, 346, 329,
326, 542, 304,
330, 308, 317,
308, 322, 279,
534, 538, 326,
326, 538, 542,
310, 281, 293,
300, 315, 289,
306, 338, 320,
339, 348, 321,
361, 348, 339,
305, 319, 276,
590, 594, 285,
309, 280, 292,
601, 310, 293,
320, 600, 296,
604, 600, 320,
535, 337, 302,
593, 597, 293,
319, 545, 295,
310, 324, 281,
280, 299, 266,
288, 305, 276,
323, 299, 280,
309, 292, 318,
337, 330, 317,
352, 346, 336,
615, 611, 348,
348, 611, 332,
528, 352, 325,
333, 298, 322,
343, 326, 313,
349, 333, 322,
532, 528, 325,
337, 347, 330,
539, 535, 302,
314, 305, 288,
319, 541, 545,
315, 328, 306,
345, 328, 315,
318, 292, 303,
299, 314, 288,
594, 598, 303,
328, 338, 306,
360, 346, 352,
367, 354, 346,
346, 354, 329,
333, 343, 313,
357, 343, 333,
602, 318, 303,
597, 601, 293,
310, 342, 324,
324, 335, 300,
537, 541, 319,
351, 335, 324,
328, 353, 338,
355, 340, 330,
330, 340, 308,
338, 604, 320,
334, 314, 299,
305, 537, 319,
530, 534, 343,
343, 534, 326,
361, 615, 348,
341, 323, 309,
309, 323, 280,
354, 361, 339,
373, 361, 354,
528, 524, 352,
535, 531, 337,
598, 602, 303,
318, 331, 309,
531, 347, 337,
340, 349, 322,
362, 349, 340,
601, 605, 310,
605, 342, 310,
335, 345, 315,
338, 608, 604,
533, 537, 305,
327, 305, 314,
520, 360, 352,
351, 345, 335,
612, 608, 338,
360, 367, 346,
361, 619, 615,
334, 299, 323,
344, 327, 314,
357, 530, 343,
345, 353, 328,
366, 353, 345,
368, 355, 347,
347, 355, 330,
349, 357, 333,
350, 334, 323,
369, 357, 349,
623, 619, 361,
364, 351, 342,
342, 351, 324,
360, 378, 367,
524, 520, 352,
606, 331, 318,
531, 527, 347,
367, 373, 354,
382, 373, 367,
602, 606, 318,
605, 609, 342,
331, 341, 309,
529, 533, 327,
350, 341, 363,
327, 533, 305,
344, 314, 334,
374, 362, 355,
355, 362, 340,
357, 526, 530,
353, 612, 338,
616, 612, 353,
359, 345, 351,
522, 526, 357,
358, 344, 334,
386, 623, 373,
373, 623, 361,
520, 516, 360,
364, 359, 351,
356, 341, 331,
341, 350, 323,
516, 378, 360,
527, 523, 347,
523, 368, 347,
362, 369, 349,
609, 613, 342,
359, 366, 345,
377, 366, 359,
606, 610, 331,
379, 369, 362,
378, 382, 367,
613, 364, 342,
344, 529, 327,
525, 529, 344,
616, 372, 620,
366, 372, 353,
382, 386, 373,
393, 386, 382,
518, 522, 369,
369, 522, 357,
620, 372, 381,
372, 616, 353,
370, 358, 350,
350, 358, 334,
383, 374, 368,
368, 374, 355,
386, 627, 623,
614, 356, 331,
516, 512, 378,
378, 390, 382,
386, 631, 627,
613, 617, 364,
364, 371, 359,
523, 519, 368,
610, 614, 331,
376, 365, 358,
365, 344, 358,
365, 525, 344,
363, 341, 356,
387, 379, 374,
374, 379, 362,
375, 363, 356,
621, 371, 364,
379, 518, 369,
508, 390, 378,
381, 372, 366,
393, 631, 386,
371, 377, 359,
512, 508, 378,
390, 393, 382,
635, 393, 403,
519, 383, 368,
379, 514, 518,
377, 381, 366,
380, 370, 363,
363, 370, 350,
365, 521, 525,
371, 385, 377,
628, 624, 381,
617, 621, 364,
519, 515, 383,
383, 387, 374,
614, 618, 356,
517, 521, 365,
394, 387, 383,
391, 514, 379,
389, 381, 377,
381, 624, 620,
384, 376, 370,
370, 376, 358,
393, 635, 631,
400, 393, 390,
508, 504, 390,
618, 375, 356,
397, 391, 387,
387, 391, 379,
625, 385, 371,
621, 625, 371,
504, 400, 390,
515, 511, 383,
400, 403, 393,
618, 622, 375,
513, 517, 376,
396, 389, 377,
628, 389, 632,
380, 363, 375,
376, 517, 365,
388, 380, 375,
391, 510, 514,
506, 510, 391,
511, 394, 383,
403, 639, 635,
643, 639, 403,
396, 377, 385,
389, 628, 381,
504, 500, 400,
400, 411, 403,
633, 396, 385,
625, 629, 385,
404, 397, 394,
394, 397, 387,
380, 384, 370,
392, 384, 380,
511, 507, 394,
622, 626, 375,
509, 513, 384,
384, 513, 376,
397, 506, 391,
502, 506, 397,
496, 411, 400,
408, 643, 403,
500, 496, 400,
647, 408, 415,
411, 408, 403,
626, 388, 375,
399, 632, 389,
399, 389, 396,
402, 399, 396,
629, 633, 385,
503, 404, 394,
388, 392, 380,
398, 392, 388,
507, 503, 394,
626, 630, 388,
395, 384, 392,
395, 509, 384,
406, 502, 397,
406, 397, 404,
633, 402, 396,
399, 636, 632,
408, 647, 643,
415, 408, 411,
496, 492, 411,
413, 406, 404,
405, 636, 399,
401, 395, 392,
492, 415, 411,
633, 637, 402,
402, 405, 399,
503, 499, 404,
406, 498, 502,
409, 405, 402,
410, 498, 406,
420, 651, 415,
415, 651, 647,
630, 634, 388,
492, 488, 415,
634, 398, 388,
501, 505, 395,
395, 505, 509,
405, 640, 636,
644, 640, 405,
499, 413, 404,
641, 409, 402,
637, 641, 402,
413, 410, 406,
499, 495, 413,
413, 417, 410,
488, 420, 415,
420, 655, 651,
398, 401, 392,
407, 401, 398,
488, 484, 420,
420, 659, 655,
490, 494, 410,
410, 494, 498,
634, 638, 398,
497, 501, 401,
401, 501, 395,
414, 644, 405,
414, 405, 409,
645, 414, 409,
641, 645, 409,
495, 491, 413,
423, 659, 420,
484, 480, 420,
638, 407, 398,
417, 490, 410,
480, 423, 420,
491, 417, 413,
638, 642, 407,
412, 401, 407,
412, 497, 401,
414, 648, 644,
418, 648, 414,
645, 649, 414,
426, 663, 423,
423, 663, 659,
480, 476, 423,
416, 412, 407,
417, 486, 490,
491, 487, 417,
649, 418, 414,
422, 486, 417,
642, 646, 407,
489, 493, 412,
412, 493, 497,
476, 426, 423,
418, 652, 648,
421, 652, 418,
426, 667, 663,
476, 472, 426,
426, 671, 667,
649, 653, 418,
487, 422, 417,
487, 483, 422,
478, 482, 422,
422, 482, 486,
646, 416, 407,
653, 421, 418,
646, 650, 416,
468, 671, 426,
485, 489, 416,
416, 489, 412,
472, 468, 426,
421, 656, 652,
653, 657, 421,
421, 660, 656,
483, 479, 422,
427, 478, 422,
468, 675, 671,
468, 464, 675,
479, 427, 422,
425, 660, 421,
650, 654, 416,
419, 485, 416,
657, 661, 421,
661, 425, 421,
479, 475, 427,
470, 474, 427,
427, 474, 478,
654, 419, 416,
460, 679, 675,
464, 460, 675,
425, 664, 660,
429, 664, 425,
661, 665, 425,
475, 471, 427,
419, 481, 485,
654, 658, 419,
424, 481, 419,
471, 470, 427,
460, 683, 679,
460, 456, 683,
665, 429, 425,
456, 431, 683,
429, 668, 664,
665, 669, 429,
429, 672, 668,
471, 467, 470,
658, 424, 419,
467, 466, 470,
431, 687, 683,
452, 687, 431,
456, 452, 431,
658, 662, 424,
473, 477, 424,
424, 477, 481,
448, 691, 452,
452, 691, 687,
673, 672, 429,
467, 463, 466,
669, 673, 429,
463, 462, 466,
662, 666, 424,
428, 473, 424,
448, 695, 691,
444, 695, 448,
677, 676, 672,
463, 459, 462,
666, 428, 424,
459, 458, 462,
673, 677, 672,
444, 440, 695,
440, 699, 695,
428, 469, 473,
666, 670, 428,
465, 469, 428,
459, 455, 458,
455, 454, 458,
677, 680, 676,
677, 681, 680,
440, 436, 699,
436, 703, 699,
681, 430, 680,
670, 674, 428,
674, 465, 428,
455, 451, 454,
451, 450, 454,
436, 432, 703,
430, 684, 680,
685, 684, 430,
681, 685, 430,
451, 447, 450,
447, 446, 450,
674, 461, 465,
678, 461, 674,
689, 688, 685,
685, 688, 684,
447, 443, 446,
443, 442, 446,
693, 692, 689,
689, 692, 688,
678, 682, 461,
682, 457, 461,
443, 439, 442,
439, 438, 442,
697, 696, 693,
693, 696, 692,
682, 686, 457,
686, 453, 457,
439, 435, 438,
701, 696, 697,
701, 700, 696,
686, 690, 453,
690, 449, 453,
701, 433, 700,
690, 694, 449,
694, 445, 449,
698, 441, 694,
694, 441, 445,
702, 437, 698,
698, 437, 441,
702, 434, 437,
]