vertices = [
0.0218565443492083,
-0.0048543671083836,
-0.0528857141955834,
0.0577603976462385,
0.0009723149289884,
-0.0964470208520467,
0.0580943487773301,
0.0842086805213089,
-0.0977479584012497,
-0.0302153343409249,
0.1053499747630935,
-0.0633483265294973,
-0.0297474120628015,
0.1442048322216419,
-0.0834046866568411,
-0.1311299356852922,
0.1415877813546348,
0.0336376780014542,
-0.1486091809230244,
0.0659720970030679,
0.0761251207333660,
-0.1635405651275565,
0.0593054217823575,
0.1781005664545594,
-0.1756279354462364,
-0.0999623699221750,
0.2057960095085908,
-0.0450108416729765,
-0.1200467181393487,
0.1651607700980039,
-0.0225407769412885,
-0.2072040925867258,
0.1561918183642965,
0.1317304265041393,
-0.2104736721654079,
-0.0056417660063857,
0.1736449916244846,
-0.1462678842126612,
-0.0274759944810484,
0.2404195941846970,
-0.1468211312202672,
-0.1977017674736441,
0.2441906081048509,
0.0494994885775464,
-0.2107304617412572,
0.1324364838468183,
0.0703982549865527,
-0.2565572709587049,
0.1380902539013387,
0.2247818403467729,
-0.2681183965556785,
-0.0911013562929203,
0.2658028638673973,
-0.1193098981482484,
-0.1165506801852425,
0.2576484763407004,
-0.0987163586016385,
-0.2742491097984129,
0.2428856278747616,
0.1477710544480153,
-0.2711776658625210,
0.0732406903567334,
0.1699574241203307,
-0.2374298777800917,
0.0649587097878790,
0.2727635707364822,
-0.2389209065438212,
-0.1858139639374752,
0.3097192496352742,
-0.0244119756480833,
-0.2106455202386335,
0.2188438286406359,
-0.0083578184843189,
-0.3082660226370266,
0.2200666804316757,
0.2401504315559102,
-0.3125308553504312,
-0.0063842300958228,
0.2687284739300522,
-0.2104574387438288,
-0.0609000167656551,
0.3456307153207586,
-0.1926181400990259,
-0.2833708151332114,
0.3205367489837101,
0.1151389651977826,
-0.2983132929171946,
0.1681117942592423,
0.1384662514828394,
-0.3221582574249962,
0.1530722355721413,
0.3149292655235453,
-0.3315006378538578,
-0.1599891683041946,
0.3504601152307177,
-0.1013566598340423,
-0.2026182523068823,
0.2996420508359561,
-0.0807543860722893,
-0.3590369466200086,
0.3014901689177116,
0.2196030206244734,
-0.3587088525524553,
0.0756282602046477,
0.2412278230221035,
-0.3023822113813068,
0.0100924927416093,
0.3290500056969677,
-0.2848920444647844,
-0.2589898689715761,
0.3600160134346959,
0.0504789797542120,
-0.2919280423871607,
0.2628284708581632,
0.0621141137961842,
-0.3602483624533678,
0.2459369013654800,
0.3261273060543490,
-0.3625447306115142,
-0.0728615085811874,
0.3619197544814062,
-0.2015848619390601,
-0.1337598784487496,
0.3423481103873568,
-0.1810063413851387,
-0.3703301998220743,
0.3764637002533581,
0.1819710548110781,
-0.3770947632246238,
0.1790411874015234,
0.1990046570540645,
-0.3772293485156588,
0.0797486719961409,
0.3653991721653992,
-0.3706221910807043,
-0.2290698468040505,
-0.2737296260523599,
0.3431756074957980,
0.3181102187452798,
0.3098353797755844,
0.3258007793847755,
-0.2929251525447625,
-0.2638175929708363,
-0.3466053074679287,
-0.3652523773537029,
0.2616336223460119,
0.1952546063190641,
0.3846878842026645,
-0.1993652838718109,
0.3845473742553873,
0.3764433783394637,
0.2645700999859104,
0.2910240649160705,
-0.3866515994935110,
-0.3443777286635646,
-0.3177218185331695,
-0.3567228770638536,
0.3546145075328240,
0.3096944226479004,
0.3934957560968889,
0.4038517307661235,
-0.3027570618820398,
-0.3032084860427630,
-0.4090349944618678,
-0.3067519544947089,
0.4114643327604467,
0.3939210327380305,
0.3417558215694688,
0.3622581117260254,
-0.3768752991926016,
-0.3736496467815339,
-0.3969068008470247,
-0.4149110099404546,
0.3189631102654413,
-0.4134240100038435,
-0.3242865751920203,
-0.3915638093385223,
0.4349490759519679,
0.3855053223218418,
0.4252316756764177,
0.4352111231437233,
-0.3855916776062320,
0.3914775738001156,
-0.4447571381054976,
-0.4324704871965069,
-0.4252322776792085,
-0.4423694851884964,
0.4031274323791431,
0.4471758807173264,
0.3950460861765462,
0.4514572560028966,
-0.4466175684734614,
-0.4755323915071154,
0.4762306299705858,
0.4461753408565861,
0.4557760651038076,
0.4861867128308502,
-0.4872235809310629,
-0.4796054214502443,
-0.4800639550413618,
0.4898018122741753,
0.4855397966166302,
-0.5312305101563606,
0.5312262099771462,
0.5305924072942304,
-0.5308640391940945,
-0.5313082788455811,
-0.5313082784940687,
-0.5726030227078990,
0.5726093280735532,
0.6043577967631489,
0.6043577967631496,
0.6400364681314461,
-0.6400364681314461,
0.6400364681314461,
0.6400364681314461,
-0.6400364681314461,
0.6400364681314461,
-0.6400364681314461,
-0.6400364681314461,
0.6210723272250043,
-0.6161633387987570,
-0.6161633387987571,
0.6210723272250044,
-0.6210723272250043,
-0.6161633387987570,
-0.6161633387987571,
-0.6210723272250044,
0.5976726704162443,
-0.5845188849255516,
-0.5845188849255516,
0.5976726704162443,
-0.5976726704162443,
-0.5845188849255516,
-0.5845188849255516,
-0.5976726704162443,
0.5696434450126416,
-0.5428707684090692,
-0.5428707684090692,
0.5696434450126416,
-0.5696434450126416,
-0.5428707684090692,
-0.5428707684090692,
-0.5696434450126416,
0.5375896819215114,
-0.4889655956804135,
-0.4889655956804135,
0.5375896819215114,
-0.5375896819215114,
-0.4889655956804135,
-0.4889655956804135,
-0.5375896819215114,
0.5029748427853160,
-0.4203738861734039,
-0.4203738861734039,
0.5029748427853160,
-0.5029748427853160,
-0.4203738861734039,
-0.4203738861734039,
-0.5029748427853160,
0.4687433149100269,
-0.3356710208720458,
-0.3356710208720458,
0.4687433149100270,
-0.4687433149100269,
-0.3356710208720458,
-0.3356710208720458,
-0.4687433149100270,
0.4390511012530831,
-0.2350102561749247,
-0.2350102561749247,
0.4390511012530831,
-0.4390511012530831,
-0.2350102561749247,
-0.2350102561749247,
-0.4390511012530831,
0.4186334436147383,
-0.1212636245294037,
-0.1212636245294037,
0.4186334436147383,
-0.4186334436147383,
-0.1212636245294037,
-0.1212636245294037,
-0.4186334436147383,
0.4113267636379966,
0.0000029008819225,
0.0000029008819225,
0.4113267636379966,
-0.4113267636379966,
0.0000029008819225,
0.0000029008819225,
-0.4113267636379966,
0.4186341645907684,
0.1212695854156985,
0.1212695854156985,
0.4186341645907684,
-0.4186341645907684,
0.1212695854156985,
0.1212695854156985,
-0.4186341645907684,
0.4390528989181149,
0.2350177691249595,
0.2350177691249595,
0.4390528989181149,
-0.4390528989181149,
0.2350177691249595,
0.2350177691249595,
-0.4390528989181149,
0.4687393763405702,
0.3356598445952015,
0.3356598445952015,
0.4687393763405702,
-0.4687393763405702,
0.3356598445952015,
0.3356598445952015,
-0.4687393763405702,
0.5029760634368037,
0.4203765525612368,
0.4203765525612368,
0.5029760634368037,
-0.5029760634368037,
0.4203765525612368,
0.4203765525612368,
-0.5029760634368037,
0.5375886589073607,
0.4889637468979660,
0.4889637468979660,
0.5375886589073607,
-0.5375886589073607,
0.4889637468979660,
0.4889637468979660,
-0.5375886589073607,
0.5696707902851336,
0.5429136624103765,
0.5429136624103765,
0.5696707902851336,
-0.5696707902851336,
0.5429136624103765,
0.5429136624103765,
-0.5696707902851336,
0.5976688069161850,
0.5845134413336722,
0.5845134413336721,
0.5976688069161848,
-0.5976688069161850,
0.5845134413336722,
0.5845134413336721,
-0.5976688069161848,
0.6210708184399806,
0.6161613794367973,
0.6161613794367973,
0.6210708184399806,
-0.6210708184399806,
0.6161613794367973,
0.6161613794367973,
-0.6210708184399806,
]

triangles = [
0, 5, 2,
5, 10, 2,
0, 8, 5,
5, 18, 10,
0, 3, 8,
7, 4, 2,
2, 4, 0,
0, 1, 3,
15, 7, 2,
4, 1, 0,
13, 18, 5,
8, 13, 5,
23, 15, 10,
10, 15, 2,
31, 23, 10,
14, 6, 1,
1, 6, 3,
3, 16, 8,
39, 31, 18,
18, 31, 10,
11, 16, 3,
8, 21, 13,
16, 21, 8,
13, 26, 18,
20, 12, 7,
7, 12, 4,
4, 9, 1,
34, 26, 13,
17, 9, 4,
6, 11, 3,
28, 20, 15,
15, 20, 7,
57, 36, 23,
23, 36, 15,
36, 28, 15,
25, 17, 12,
12, 17, 4,
21, 34, 13,
60, 39, 26,
26, 39, 18,
31, 44, 23,
9, 14, 1,
6, 19, 11,
22, 14, 9,
52, 44, 31,
16, 29, 21,
21, 55, 34,
37, 29, 16,
32, 24, 11,
11, 24, 16,
44, 57, 23,
36, 49, 28,
142, 47, 34,
34, 47, 26,
14, 19, 6,
70, 52, 39,
39, 52, 31,
44, 149, 57,
41, 33, 20,
20, 33, 12,
33, 25, 12,
30, 22, 9,
30, 9, 17,
14, 27, 19,
50, 42, 29,
29, 42, 21,
145, 49, 36,
28, 41, 20,
62, 41, 28,
19, 32, 11,
24, 37, 16,
42, 55, 21,
38, 30, 17,
45, 37, 24,
47, 60, 26,
138, 60, 47,
76, 65, 52,
52, 65, 44,
57, 145, 36,
149, 145, 57,
35, 27, 14,
19, 53, 32,
35, 14, 22,
59, 38, 25,
25, 38, 17,
60, 70, 39,
65, 149, 44,
146, 142, 55,
55, 142, 34,
142, 138, 47,
60, 80, 70,
37, 50, 29,
42, 146, 55,
43, 22, 30,
43, 35, 22,
141, 62, 49,
49, 62, 28,
41, 54, 33,
33, 46, 25,
71, 54, 41,
32, 45, 24,
37, 58, 50,
66, 45, 32,
40, 19, 27,
40, 53, 19,
54, 46, 33,
145, 141, 49,
75, 63, 50,
50, 63, 42,
65, 153, 149,
70, 76, 52,
84, 76, 70,
46, 59, 25,
51, 43, 30,
51, 30, 38,
63, 146, 42,
48, 27, 35,
61, 40, 27,
53, 66, 32,
62, 71, 41,
54, 67, 46,
137, 71, 62,
76, 153, 65,
143, 66, 53,
45, 58, 37,
144, 51, 38,
138, 134, 60,
134, 80, 60,
76, 157, 153,
73, 58, 45,
56, 48, 35,
48, 61, 27,
40, 143, 53,
80, 84, 70,
77, 67, 54,
46, 140, 59,
59, 144, 38,
79, 69, 58,
58, 69, 50,
63, 150, 146,
140, 144, 59,
72, 56, 43,
69, 75, 50,
64, 43, 51,
43, 56, 35,
74, 139, 61,
147, 73, 45,
147, 45, 66,
71, 77, 54,
81, 77, 71,
136, 140, 67,
67, 140, 46,
139, 40, 61,
139, 143, 40,
141, 137, 62,
143, 147, 66,
148, 64, 51,
154, 150, 75,
75, 150, 63,
137, 81, 71,
144, 148, 51,
84, 157, 76,
91, 157, 84,
90, 84, 80,
134, 130, 80,
74, 61, 48,
68, 74, 48,
68, 48, 56,
130, 90, 80,
72, 43, 64,
78, 68, 56,
87, 136, 67,
87, 67, 77,
90, 91, 84,
152, 72, 64,
73, 79, 58,
69, 83, 75,
151, 79, 73,
79, 83, 69,
85, 87, 77,
147, 151, 73,
133, 85, 81,
81, 85, 77,
137, 133, 81,
92, 132, 87,
126, 95, 90,
90, 95, 91,
91, 161, 157,
148, 152, 64,
82, 135, 68,
74, 135, 139,
68, 135, 74,
78, 56, 72,
86, 78, 72,
94, 154, 83,
83, 154, 75,
89, 83, 79,
95, 161, 91,
130, 126, 90,
95, 98, 161,
92, 87, 85,
87, 132, 136,
78, 82, 68,
155, 89, 79,
152, 86, 72,
88, 131, 82,
151, 155, 79,
133, 92, 85,
89, 94, 83,
97, 94, 89,
126, 98, 95,
133, 129, 92,
92, 128, 132,
152, 156, 86,
93, 88, 78,
82, 131, 135,
88, 82, 78,
159, 97, 89,
94, 158, 154,
98, 165, 161,
102, 165, 98,
126, 122, 98,
99, 128, 92,
93, 78, 86,
97, 158, 94,
156, 93, 86,
129, 99, 92,
155, 159, 89,
97, 100, 158,
122, 102, 98,
159, 100, 97,
118, 102, 122,
118, 169, 102,
102, 169, 165,
129, 125, 99,
99, 124, 128,
125, 124, 99,
156, 160, 93,
96, 127, 88,
88, 127, 131,
96, 88, 93,
100, 162, 158,
163, 162, 100,
159, 163, 100,
125, 103, 124,
160, 96, 93,
114, 173, 169,
114, 169, 118,
125, 121, 103,
103, 120, 124,
121, 120, 103,
163, 166, 162,
167, 166, 163,
96, 123, 127,
160, 164, 96,
114, 177, 173,
110, 177, 114,
164, 123, 96,
164, 101, 123,
121, 117, 120,
110, 106, 177,
117, 116, 120,
171, 170, 166,
171, 166, 167,
101, 119, 123,
164, 168, 101,
168, 119, 101,
174, 105, 175,
171, 105, 170,
117, 112, 116,
113, 112, 117,
168, 104, 119,
175, 105, 171,
172, 104, 168,
105, 174, 170,
113, 109, 112,
104, 115, 119,
172, 115, 104,
175, 107, 174,
172, 176, 115,
176, 111, 115,
176, 108, 111,
]