vertices = [
0.0190839758247702,
-0.0062425541526748,
-0.0214545852704874,
0.0274216655228064,
0.0009143939770154,
-0.0588711144815413,
0.0346854027656673,
0.0535336054004442,
-0.0554143568005900,
-0.0178494830830382,
0.0624782406255465,
-0.0447486113522024,
-0.0196634478003006,
0.0824320150288829,
-0.0499997769761416,
-0.0759499020177840,
0.0786411502371058,
0.0160977449125290,
-0.0758338049328763,
0.0424849937126062,
0.0435419630199018,
-0.1025631750210313,
0.0362689804193473,
0.1115221634661286,
-0.1051431634680924,
-0.0556592419329368,
0.1205053748943483,
-0.0292331866801072,
-0.0719699671827362,
0.1060551403111289,
-0.0143830944167463,
-0.1239493466740518,
0.0919928651508787,
0.0803757568869367,
-0.1226746873967770,
0.0024183943345850,
0.1039963583229348,
-0.0883670037533123,
-0.0185154700364174,
0.1407680019321571,
-0.0855739925077433,
-0.1165664930879785,
0.1361342137726687,
0.0292503126001316,
-0.1232339108447875,
0.0745130190151893,
0.0326653400431994,
-0.1626205226764700,
0.0873101438292048,
0.1433832576619913,
-0.1634518841322525,
-0.0489266794538467,
0.1622919348647691,
-0.0732118474911501,
-0.0717696897220038,
0.1670445755239545,
-0.0571648520778702,
-0.1631208125768579,
0.1503772144543632,
0.0820970612854421,
-0.1663059701207535,
0.0431943610373688,
0.0894547944473254,
-0.1455092452890978,
0.0326365535685384,
0.1719692967878679,
-0.1412605769962315,
-0.1075087311108028,
0.1792439252200936,
-0.0125755023077001,
-0.1258590513875426,
0.1340014020599210,
-0.0105657263333146,
-0.1961823796709304,
0.1415321979087988,
0.1372696942840452,
-0.1955403729249580,
-0.0040705069681411,
0.1492796987894688,
-0.1315801194004438,
-0.0218856576264213,
0.2018509731121179,
-0.1176239695515323,
-0.1696182613552162,
0.1998698913631808,
0.0469769075800245,
-0.1817726635778006,
0.1028422632759929,
0.0738159977015963,
-0.2049484628006953,
0.0835835576258778,
0.2037156783666626,
-0.1997681941326924,
-0.0971709219653678,
0.2183799213773972,
-0.0602806553643935,
-0.1221855342461627,
0.1949867679498527,
-0.0638338272976995,
-0.2185795382241981,
0.1953499688171604,
0.1169814969709097,
-0.2235831466572229,
0.0470904798895459,
0.1336588041882593,
-0.1874201638804529,
0.0274718961540235,
0.2323436903676714,
-0.1759284843075304,
-0.1561766606792274,
0.2379143577448828,
-0.0008627559791505,
-0.1770664175863502,
0.1639786673605042,
0.0271911237722356,
-0.2375006052459182,
0.1399350567427485,
0.1934515724779764,
-0.2321145330630438,
-0.0484827660366585,
0.2069613489585142,
-0.1199155178707914,
-0.0728326026438135,
0.2310720981844047,
-0.1155476153893403,
-0.2276006892118325,
0.2402413257896049,
0.0896083057785565,
-0.2407267635688382,
0.0966325743331277,
0.1198345808662468,
-0.2419710913429456,
0.0749884671306116,
0.2623648186262543,
-0.2325211756835362,
-0.1453602901379428,
0.2741958980413821,
-0.0473102829770438,
-0.1725897086937395,
0.2226770625103399,
-0.0260578276219637,
-0.2630417710508803,
0.1971130880057823,
0.1761740211128126,
-0.2628966063246791,
0.0034547500418783,
0.1930692753401065,
-0.1797105378828338,
-0.0220282199417866,
0.2662461702237051,
-0.1694951579701157,
-0.2143775848019402,
0.2717007660152117,
0.0451941173349954,
-0.2331405651182257,
0.1507344351848265,
0.0742421139292114,
-0.2717874214139334,
0.1289109455787368,
0.2512241671558202,
-0.2639689876793224,
-0.0991217148526315,
0.2644932618672662,
-0.1038005812074845,
-0.1263952389585813,
0.2575485866671751,
-0.0826872939118530,
-0.2783925994221176,
0.2494380584127688,
0.1496011916962427,
-0.2875225706338524,
0.0580452074919950,
0.1756867657515475,
-0.2370096623166394,
0.0299695665450621,
0.2965010541493642,
-0.2256023776018839,
-0.2003517375092264,
0.3050490982458647,
-0.0020085086188240,
-0.2259172396646353,
0.2085719010752670,
0.0184834892094156,
-0.2999954306628407,
0.1889341836883446,
0.2337309487408221,
-0.2954678636724777,
-0.0452939946393245,
0.2503081301790028,
-0.1650832595013607,
-0.0742875455383741,
0.2933536650056477,
-0.1490225805088958,
-0.2727765237735028,
0.2955107305395221,
0.1021730312910639,
-0.2899193518490271,
0.1240736693965481,
0.1363510964970021,
-0.2969164333369861,
0.1009353380539983,
0.3127173456236900,
-0.2870179001277705,
-0.1627550961643013,
0.3239702193963234,
-0.0742534684866472,
-0.1898863690632271,
0.2760388365708948,
-0.0415768444338830,
-0.3259897355437499,
0.2510843900876625,
0.2127108599877222,
-0.3276915235140506,
0.0108457196464236,
0.2367004502144301,
-0.2277172460044189,
-0.0214634422302959,
0.3305103741553421,
-0.2113172129137902,
-0.2611467759250367,
0.3342587728912927,
0.0518628070308442,
-0.2829806011760316,
0.1879104237678153,
0.0740566161105534,
-0.3272845260697815,
0.1668976065501911,
0.2917988286524441,
-0.3198669465319964,
-0.1025762422791396,
0.3069534523943960,
-0.1406763530270101,
-0.1323580471599141,
0.3134046515956505,
-0.1155667049279960,
-0.3226215272342269,
0.3039006375623761,
0.1615146365152564,
-0.3372887655321994,
0.0865824378416864,
0.1977927090807296,
-0.2885512340105024,
0.0500101298155650,
0.3481776423977133,
-0.2749666179268018,
-0.2241849423906039,
0.3560066913958085,
-0.0213592706036460,
-0.2487043906323318,
0.2579725521687036,
0.0145474749346111,
-0.3574095106496803,
0.2311525587350884,
0.2735568681182592,
-0.3545051735255000,
-0.0465318985033106,
0.2944634400068299,
-0.2051877523022488,
-0.0795049455202245,
0.3524324027259333,
-0.1837344236936752,
-0.3175102498413264,
0.3515213435021425,
0.1114297237227695,
-0.3354148878303549,
0.1573978229339740,
0.1260954559093423,
-0.3542228458751993,
0.1474275560304203,
0.3473535899807099,
-0.3449154472840846,
-0.1562382914005825,
0.3614829472528173,
-0.1182625041651539,
-0.1877800272984777,
0.3337620214760735,
-0.0828600103379301,
-0.3690630382131341,
0.3105620015689908,
0.2177253478585929,
-0.3749311617920414,
0.0448441793324971,
0.2532125349488324,
-0.2831105055910592,
0.0055301955786132,
0.3815110843171735,
-0.2647539489801851,
-0.2792516670981175,
0.3847933832597534,
0.0262808425710039,
-0.3021170891049331,
0.2410143355475880,
0.0668083836033197,
-0.3845423077239221,
0.2112798032538335,
0.3288814726886485,
-0.3784034220129791,
-0.1002530401685937,
0.3482133608397066,
-0.1824158459429789,
-0.1348092590864232,
0.3718458501566041,
-0.1530915477545226,
-0.3658630468619918,
0.3611347587402046,
0.1671444196760263,
-0.3797936933181046,
0.1249801094609447,
0.1835189096365832,
-0.3452300430901235,
0.0988483240171519,
0.3799821747640332,
-0.3317533313962415,
-0.2131788778370056,
0.3906646488369314,
-0.0670936282734774,
-0.2437431918560090,
0.3153311778423353,
-0.0301104471492074,
-0.3938461030204958,
0.2888836671777333,
0.2713803126546073,
-0.3966905005604773,
-0.0072683819737413,
0.3026242811544068,
-0.2620442078588859,
-0.0455857153149200,
0.3990782096004587,
-0.2395804820767703,
-0.3275790702576752,
0.3992487150720179,
0.0794075542471128,
-0.3496429777363532,
0.2128687176713113,
0.1163529143421177,
-0.4084656906334121,
0.1911722172027684,
0.3805991713203029,
-0.4001532208930427,
-0.1515931875294487,
0.3985575288155853,
-0.1592930840031248,
-0.1874722056737812,
0.3896691663497622,
-0.1218969580534783,
-0.4097089831665235,
0.3664999456780040,
0.2207587606138924,
-0.4144520116849851,
0.0843515913830197,
0.2421058647698144,
-0.3391406177236799,
0.0514424202336406,
0.4152020848751145,
-0.3206586236142147,
-0.2718839367436997,
0.4225688988451471,
-0.0161608767670059,
-0.3014943181114166,
0.2978256842372351,
0.0230842583878053,
-0.4227057145077713,
0.2696664186196390,
0.3280508727765113,
-0.4209918314761124,
-0.0607863290663213,
0.3548540265080303,
-0.2398320086054223,
-0.0995446476730553,
0.4177610660753625,
-0.2109860947019450,
-0.3778408943547998,
0.4123933482599529,
0.1360020026440664,
-0.3977315286169683,
0.1806882612840525,
0.1712640035080034,
-0.4036123124888331,
0.1472523100648052,
0.4142267073020909,
-0.3905290868081532,
-0.2056102362833181,
0.4278500644280248,
-0.1126648875711678,
-0.2397199536280781,
0.3746003078615817,
-0.0732260841133992,
-0.4350843691224109,
0.3485975298455932,
0.2729590230827524,
-0.4404565035426612,
0.0340654848224214,
0.3009479311656703,
-0.3234788368874194,
-0.0025560551951061,
0.4433111173924367,
-0.3001553771327528,
-0.3298906264873331,
0.4456661277415124,
0.0397275496927673,
-0.3566293252727258,
0.2728326636511309,
0.0777546234647509,
-0.4487355670456208,
0.2466051865416561,
0.3829770065594996,
-0.4422762764765065,
-0.1160931910079749,
0.4070209144671175,
-0.2138755369394131,
-0.1558803346915553,
0.4348148105705933,
-0.1773275009424745,
-0.4255749657877314,
0.4181333320248718,
0.1949555933504583,
-0.4400099257905102,
0.1382838281401820,
0.2278578213772692,
-0.3955419530678315,
0.0997741270587462,
0.4469330606093833,
-0.3770467286155895,
-0.2619345576548527,
0.4566306344708994,
-0.0615261867116876,
-0.2957035060202411,
0.3542505854862384,
-0.0206387404757060,
-0.4600592584093185,
0.3272165272333489,
0.3272414345258594,
-0.4625250513735894,
-0.0201901102951130,
0.3556155612646137,
-0.2990811935110521,
-0.0594294644519101,
0.4619267799748578,
-0.2701415831105080,
-0.3830746200389875,
0.4596576386380439,
0.0987967229755616,
-0.4073870427115903,
0.2394205783505642,
0.1406847155449120,
-0.4592936399123583,
0.2072171635521290,
0.4346749630283468,
-0.4493653466194141,
-0.1803419247208084,
0.4540111527618496,
-0.1713989263379348,
-0.2192742087056201,
0.4380117263688761,
-0.1301708153105190,
-0.4661140392973656,
0.4110169059811943,
0.2569321207932521,
-0.4741625756084000,
0.0871525393349622,
0.2878902032598487,
-0.3820988428527421,
0.0467484431036335,
0.4778392368958244,
-0.3591079761166223,
-0.3211047035651632,
0.4857921909205642,
-0.0060825353478836,
-0.3547233321322754,
0.3331064185674620,
0.0350090642376706,
-0.4871128757569801,
0.3048132852755601,
0.3847389764259491,
-0.4854555443663122,
-0.0771771736568874,
0.4112818776007198,
-0.2723314341071023,
-0.1180178557515837,
0.4794761669867804,
-0.2365432375048485,
-0.4358521135907761,
0.4684057606676542,
0.1630244203007679,
-0.4569690176942748,
0.1965412510632829,
0.2051280424100628,
-0.4541254849792827,
0.1553470268214448,
0.4741931033997103,
-0.4360935066892712,
-0.2448351064453759,
0.4872439836954054,
-0.1143671387963429,
-0.2827973376074877,
0.4131679723545161,
-0.0715918004162446,
-0.4948159492136719,
0.3880443947685561,
0.3184151281458241,
-0.5010095391972327,
0.0277994401174402,
0.3498387683767278,
-0.3602278112851028,
-0.0140745186594335,
0.5032205936043502,
-0.3310250003901343,
-0.3816458933357768,
0.5040526440984794,
0.0544950622968298,
-0.4100436759755553,
0.3016167140795109,
0.0986349456159359,
-0.5055076118845279,
0.2682478392333622,
0.4378246049118790,
-0.4965055963741823,
-0.1407636153588049,
0.4632963504307729,
-0.2333637148202083,
-0.1813848107023527,
0.4888804046757477,
-0.1915774500147737,
-0.4829992958742011,
0.4676296539731190,
0.2275840764700080,
-0.4978485875351196,
0.1465209942143366,
0.2668155824743130,
-0.4409407909469329,
0.1023002155453200,
0.5071874800102629,
-0.4192037262265047,
-0.3048387003102465,
0.5167123416601227,
-0.0587704705415326,
-0.3418024398802390,
0.3926401417344847,
-0.0152792412527373,
-0.5207879083900425,
0.3642331512784077,
0.3766618976391606,
-0.5235489814609513,
-0.0307920706097075,
0.4067908810893764,
-0.3327226262595075,
-0.0743226019946311,
0.5218349020261103,
-0.2977917388410024,
-0.4368187762558077,
0.5125299423522947,
0.1239518139466861,
-0.4632226741827251,
0.2554462208179935,
0.1718005906864724,
-0.5047669929299512,
0.2127109321939354,
0.4896214949833577,
-0.4885410640421252,
-0.2190779388524242,
0.5082595497502702,
-0.1694680808271619,
-0.2659173549270609,
0.4666736526277061,
-0.1249546552061284,
-0.5203416380050133,
0.4447545298833601,
0.3000807943141697,
-0.5297697248252845,
0.0804676507248103,
0.3335801769686549,
-0.4176499975210822,
0.0367424994302341,
0.5346236751213350,
-0.3894474239003962,
-0.3697666934984021,
0.5455477130203348,
0.0055725443347594,
-0.4063765295292648,
0.3650093018508230,
0.0502259288604978,
-0.5446910524453785,
0.3303419142360342,
0.4401794625239880,
-0.5419414893826335,
-0.0996274857798147,
0.4669024760630185,
-0.2945206645976985,
-0.1418839157103969,
0.5344551228567752,
-0.2527269086484517,
-0.4928982604915184,
0.5203104188382339,
0.1938880815898158,
-0.5161716425693271,
0.2071002937379298,
0.2431422986174122,
-0.5010551617749799,
0.1612250406595177,
0.5349904502430237,
-0.4813740430990144,
-0.2864062054067467,
0.5474558068443608,
-0.1171027189727410,
-0.3266467170679624,
0.4562007255757269,
-0.0698706125209281,
-0.5557828948273174,
0.4278402751009689,
0.3644441533186700,
-0.5616828443548487,
0.0211762446256129,
0.3989613900149349,
-0.3961930237590962,
-0.0259912111981279,
0.5628647914722882,
-0.3613959614707388,
-0.4333263677646020,
0.5530328710963501,
0.0806841317438240,
-0.4640521040026114,
0.3150059259659023,
0.1328974993281588,
-0.5499782573595648,
0.2717498646571019,
0.4921405486388217,
-0.5326342190270625,
-0.1813837880261508,
0.5171166180366875,
-0.2257644752528984,
-0.2320997483758681,
0.5109611656964634,
-0.1799137622712365,
-0.5359176861769758,
0.4960868351517091,
0.2736038788743707,
-0.5508435520916993,
0.1353996927355064,
0.3115674160080261,
-0.4732758456794721,
0.0905719486530589,
0.5608108337646902,
-0.4466217347323187,
-0.3523517332719781,
0.5713775120620039,
-0.0516401233938823,
-0.3872582991969741,
0.4239265013189800,
-0.0021153266784384,
-0.5748736351560821,
0.3901616974996658,
0.4259664401706802,
-0.5762528664481259,
-0.0496824256302049,
0.4589422409875202,
-0.3536139687752366,
-0.0993704842743586,
0.5734081598486199,
-0.3123635150095498,
-0.4907976050017623,
0.5634943539936479,
0.1501353628081660,
-0.5182347946195938,
0.2691736613352365,
0.2037585425787621,
-0.5496355007956080,
0.2255417008430523,
0.5433972623687082,
-0.5347030669878815,
-0.2494215505867836,
0.5635361701226416,
-0.1786133019807805,
-0.2960179791576373,
0.5132797782646707,
-0.1296884767751420,
-0.5766436017672761,
0.4858301786290325,
0.3388620503719859,
-0.5868522995006958,
0.0789293184387641,
0.3773014168768325,
-0.4548350935148238,
0.0294175084773295,
0.5914903899954976,
-0.4215220527690099,
-0.4167659551115073,
0.5932795714317377,
0.0406295308625042,
-0.4646274086409956,
0.3717484457576594,
0.0892867982881942,
-0.5862682686584922,
0.3289373968319445,
0.4996626645913499,
-0.5785538766680700,
-0.1463018529759293,
0.5249575082772604,
-0.2826934539762364,
-0.1968367245726326,
0.5577108810067664,
-0.2353281039310695,
-0.5492290081221652,
0.5468827908521975,
0.2466818550917846,
-0.5723390775087509,
0.1883263456056128,
0.2960142284102835,
-0.5285440800627156,
0.1398839430510781,
0.5903013400743831,
-0.5031018411079176,
-0.3414581791593642,
0.6013626130327353,
-0.0980319733664870,
-0.3787100605210412,
0.4784043516470525,
-0.0452233632696763,
-0.6077676224866370,
0.4443835250289047,
0.4197855383369868,
-0.6115355176931007,
-0.0085766910727969,
0.4562897352857594,
-0.4072540458771844,
-0.0604785556047265,
0.6097325968345245,
-0.3662684801020252,
-0.4909425042322424,
0.6031888765578267,
0.1091779767707136,
-0.5200130851763695,
0.3261507374178232,
0.1680218457923762,
-0.5932525782952462,
0.2840197190006356,
0.5484888025704504,
-0.5806598926929694,
-0.2130511874098062,
0.5731965140458382,
-0.2360846561187966,
-0.2623671032225384,
0.5614766500521434,
-0.1858948657955997,
-0.5927957843121969,
0.5380418873625252,
0.3123428881791839,
-0.6083083564570259,
0.1329451402928683,
0.3578753538644687,
-0.5090301883333560,
0.0804161504823034,
0.6181424143811369,
-0.4769711236065303,
-0.4018154335665314,
0.6125547339903485,
-0.0132773218294763,
-0.4432479992292553,
0.4250013169761081,
0.0389582315372206,
-0.6140835677188342,
0.3837581047162850,
0.4831497766319279,
-0.6096306801618532,
-0.0974089400232294,
0.5162409923540675,
-0.3402467784718922,
-0.1548025370322889,
0.5995246704978664,
-0.2932410264293779,
-0.5466972487537527,
0.5869449596782674,
0.2046289835522965,
-0.5719858267509559,
0.2458373965172299,
0.2568932375366275,
-0.5692885115925111,
0.1972555333128677,
0.5932182144034464,
-0.5473536756905327,
-0.3048198402937504,
0.6116726119570133,
-0.1506881356033862,
-0.3496265172761274,
0.5240534679958651,
-0.0972014410508168,
-0.6216008218560062,
0.4920640033265696,
0.3948252516372591,
-0.6296731122485633,
0.0418175069168981,
0.4350083943585455,
-0.4563363443012358,
-0.0120430551760186,
0.6315973271995177,
-0.4174849670403378,
-0.4744689627036366,
0.6403877635217443,
0.0703040778674755,
-0.5195157330275207,
0.3797200830319926,
0.1269489280722886,
-0.6273829703931483,
0.3387034469125931,
0.5557236759262191,
-0.6248316117018743,
-0.1805780020127063,
0.5826588642887131,
-0.2896156876862952,
-0.2303594156624619,
0.6063865798542387,
-0.2385597054470990,
-0.6074090061474462,
0.5874178771231657,
0.2883460991852114,
-0.6294619637368920,
0.1838984031891971,
0.3418654242854308,
-0.5619556636310495,
0.1281624526725641,
0.6457878854252722,
-0.5309841681810725,
-0.3906300390777429,
0.6429549042284158,
-0.0624084878799358,
-0.4328800413346882,
0.4815066410530039,
-0.0074187955428405,
-0.6474511786973332,
0.4410937359906316,
0.4755725405068840,
-0.6464517974885180,
-0.0525940140282849,
0.5121224434002997,
-0.3982458507346160,
-0.1098522443097514,
0.6389259380504062,
-0.3519070152931655,
-0.5460373062121643,
0.6282829856484755,
0.1625157129864723,
-0.5745298804312666,
0.3046273564728836,
0.2202185035912092,
-0.6150194542069923,
0.2566415220184000,
0.6002356480339468,
-0.5959398499299606,
-0.2697142944942313,
0.6235854944786016,
-0.2066943520046488,
-0.3196104066383129,
0.5740354033905432,
-0.1520069215141120,
-0.6393035172367675,
0.5440946311048732,
0.3703505267585162,
-0.6520148314743072,
0.0944820723774610,
0.4162054862096852,
-0.5099227949635400,
0.0378812374813844,
0.6583183274390763,
-0.4725524196711842,
-0.4602265544581375,
0.6598632145097579,
0.0195432013288847,
-0.5006056501075051,
0.4309677136798178,
0.0791803198188915,
-0.6554223313256942,
0.3889252081551043,
0.5408502980444271,
-0.6522047168635028,
-0.1363209635327047,
0.5739080954345155,
-0.3403744438837588,
-0.1938891264820127,
0.6422280897278325,
-0.2894572124457095,
-0.6043396123208022,
0.6223204573654088,
0.2509807274667802,
-0.6293591578179742,
0.2352409676600864,
0.3064803114372012,
-0.5995742747681598,
0.1798772335199194,
0.6490244646261903,
-0.5714868082521724,
-0.3579418077932660,
0.6617838662151271,
-0.1179992995468329,
-0.4079342560308439,
0.5343961053505076,
-0.0611700221986113,
-0.6690248563541394,
0.4961888132149040,
0.4554804542248450,
-0.6737180045599301,
-0.0006549838760899,
0.4968451136110345,
-0.4547960341772920,
-0.0598632251313626,
0.6713271451241787,
-0.4097789234227651,
-0.5357883219346222,
0.6677341641731936,
0.1202296937112741,
-0.5740304348371384,
0.3625191009578576,
0.1782831378847217,
-0.6558015621296223,
0.3152580713179270,
0.6057398257272429,
-0.6422511110887462,
-0.2336542518098399,
0.6323486419602626,
-0.2633163540458194,
-0.2872108852555196,
0.6214469532639908,
-0.2073467372704105,
-0.6542391831539816,
0.5949065194027219,
0.3435155383173997,
-0.6714715691440887,
0.1483646887906444,
0.3958870058276392,
-0.5630874514681335,
0.0890182727457092,
0.6833075509701877,
-0.5272014760288679,
-0.4443970131988276,
0.6852939825788362,
-0.0296034092820924,
-0.4864600814225069,
0.4844902200102796,
0.0316746028218778,
-0.6851085963368688,
0.4416908489385258,
0.5300262506884958,
-0.6836932236094955,
-0.0926147704252552,
0.5668508552722181,
-0.3935967072549721,
-0.1520229082659789,
0.6739120252346235,
-0.3426073224923716,
-0.6003942842077896,
0.6578051537053204,
0.2104174113442236,
-0.6283427110509400,
0.2891376022455419,
0.2697841652836918,
-0.6390338609158634,
0.2341852039326242,
0.6521832030307645,
-0.6137275339704433,
-0.3233324084393590,
0.6718940609613795,
-0.1746260430856441,
-0.3762597872634899,
0.5826033699817974,
-0.1163588578361125,
-0.6836590147204242,
0.5467892095680960,
0.4283775389931767,
-0.6928898067811186,
0.0533083509657520,
0.4743749973990262,
-0.5073182887431081,
-0.0074757981251189,
0.6952534003592766,
-0.4643568787213608,
-0.5180334724041048,
0.6979344622261591,
0.0681873057453731,
-0.5608455544649481,
0.4208985678373968,
0.1292859225693761,
-0.6882620215786704,
0.3769330636587650,
0.6024888970010116,
-0.6850083636566925,
-0.1897451768281066,
0.6342720253861674,
-0.3234273815492148,
-0.2501242583963117,
0.6675748603939083,
-0.2670565247268202,
-0.6631525706921007,
0.6460303198148982,
0.3097629088707946,
-0.6866096933743622,
0.2079018797562985,
0.3668754230957958,
-0.6179273574789513,
0.1478449716273539,
0.7035821414880081,
-0.5845183333684392,
-0.4196614192183192,
0.7088322256040588,
-0.0841616697871023,
-0.4657707012272800,
0.5401095133016364,
-0.0215765541387024,
-0.7120762523126225,
0.4982379790603784,
0.5140900823860372,
-0.7147100292316829,
-0.0427768601212002,
0.5558829268827458,
-0.4512360686425262,
-0.1053378822683866,
0.7083679876818297,
-0.4009021616400019,
-0.5942005125875509,
0.6988298988960723,
0.1679325432348181,
-0.6293070221710383,
0.3484200673170754,
0.2290065558940214,
-0.6829078719173997,
0.2934696777539952,
0.6573886657748166,
-0.6611743033296109,
-0.2869062066390995,
0.6824900459799603,
-0.2349694513207357,
-0.3444088785436419,
0.6350550146608100,
-0.1746535312207572,
-0.7017509645910139,
0.6019696434829250,
0.4011377071157661,
-0.7154291690955422,
0.1105906980354523,
0.4533175098905264,
-0.5647795350033539,
0.0475293174007652,
0.7233297604007869,
-0.5237487859338199,
-0.5017380993161592,
0.7236645979707951,
0.0143388326548610,
-0.5439917034598969,
0.4784348612011007,
0.0779206565580376,
-0.7199418387416728,
0.4316366351665393,
0.5893974673441007,
-0.7165193866033192,
-0.1433039859832515,
0.6257556754908641,
-0.3785810551780870,
-0.2064919302966800,
0.7031900930597200,
-0.3224547080806854,
-0.6588071033742079,
0.6831114259875060,
0.2684212201271116,
-0.6858886695748195,
0.2634658228942774,
0.3288592369409044,
-0.6585791534838058,
0.2038255789992165,
0.7071838846486922,
-0.6282624091321375,
-0.3844085292031385,
0.7223355027155014,
-0.1392337048477261,
-0.4371012353673229,
0.5899979023564289,
-0.0762008010891885,
-0.7299905532830618,
0.5492690233383305,
0.4906756262028509,
-0.7366742313858058,
0.0088493518681909,
0.5369721750716041,
-0.5040569364867659,
-0.0559244843620303,
0.7348700959903275,
-0.4552606507688427,
-0.5800357456031966,
0.7304588787891603,
0.1197729584999343,
-0.6197708965517451,
0.4053648478068716,
0.1829465503017874,
-0.7179943249881253,
0.3537718639148708,
0.6544460660358851,
-0.7033324314189893,
-0.2438674061214449,
0.6845241378285808,
-0.2952813914681171,
-0.3065928503495772,
0.6804980265736587,
-0.2332818599442560,
-0.7095677453387459,
0.6504433571031994,
0.3667003723724836,
-0.7279709453415072,
0.1686841600669116,
0.4235626910135757,
-0.6162452992881829,
0.1048220780968284,
0.7406736841599590,
-0.5776644158187202,
-0.4758707848626122,
0.7451389343946716,
-0.0417537954833578,
-0.5221216680038647,
0.5344887202250842,
0.0236010489233246,
-0.7463332018922146,
0.4871333639570870,
0.5695152506046053,
-0.7439192341723371,
-0.0912059935067303,
0.6103318111857997,
-0.4352309884879246,
-0.1562974725412503,
0.7336046366216297,
-0.3801130458145606,
-0.6470727087171751,
0.7173282969329728,
0.2206478609213116,
-0.6785471482910200,
0.3220044481025642,
0.2833221411241337,
-0.6966584332082109,
0.2631838880789109,
0.7055096710521669,
-0.6708646823735764,
-0.3429317454478737,
0.7266224613708467,
-0.1992588463425201,
-0.4009945460801386,
0.6370485484574596,
-0.1341600751499307,
-0.7407923037996628,
0.5984040896080419,
0.4574720525477741,
-0.7505795094599498,
0.0664947334087754,
0.5088991865759771,
-0.5558464806644552,
0.0002238611342919,
0.7538562286514231,
-0.5094889962362553,
-0.5561643184208875,
0.7552570757500141,
0.0640313827071946,
-0.6001123543760982,
0.4633494471650918,
0.1291673833646691,
-0.7469011447183834,
0.4187456322164412,
0.6511166931639459,
-0.7487208422437700,
-0.1974940403130997,
0.6867216912595404,
-0.3602549563315933,
-0.2642897268150592,
0.7306094393408838,
-0.2987862942196897,
-0.7198789163631503,
0.7075810441628431,
0.3303876845701564,
-0.7456411770667177,
0.2343494203110926,
0.3921984209003118,
-0.6771171983246648,
0.1698221407889605,
0.7636050794216688,
-0.6412565272261347,
-0.4488406402123476,
0.7741017819237864,
-0.1015880362348309,
-0.4996853714336163,
0.5956359315398280,
-0.0338406262279786,
-0.7759299540806742,
0.5511152290502814,
0.5554696202566290,
-0.7817522959631409,
-0.0377231349888251,
0.6019763414292331,
-0.5000734923271447,
-0.1063861134806047,
0.7757089413744904,
-0.4455771228133994,
-0.6442398782889305,
0.7650451346262925,
0.1726713872357014,
-0.6810172689579309,
0.3896857572203303,
0.2387918615340289,
-0.7479167202813890,
0.3295123406515904,
0.7097493111644926,
-0.7230129874097907,
-0.3012811696943830,
0.7380284466377527,
-0.2656008933766028,
-0.3678088465632261,
0.6955857216263494,
-0.1974601768551381,
-0.7622242645555504,
0.6593859187356855,
0.4303708298438984,
-0.7774584602275535,
0.1276848762172921,
0.4876289630250281,
-0.6192656088355124,
0.0592970224468595,
0.7860785733235063,
-0.5747842023458265,
-0.5400297442280357,
0.7847791031548288,
0.0067057335363842,
-0.5823893817322943,
0.5270186059566949,
0.0727819668476053,
-0.7816669670543349,
0.4737903603035566,
0.6325636219110404,
-0.7767524942966041,
-0.1466916413465496,
0.6722934561378097,
-0.4165351901097554,
-0.2147727327249837,
0.7618545277951938,
-0.3562217569128580,
-0.7074383152765362,
0.7406772811207056,
0.2809800511598942,
-0.7364695949883699,
0.2932722462005485,
0.3453212457636825,
-0.7144860803850025,
0.2310777821525103,
0.7594583708578100,
-0.6836047370244588,
-0.4043973952452994,
0.7770530641746664,
-0.1624156050299765,
-0.4647336036085733,
0.6430196135871806,
-0.0910696783062886,
-0.7880959986826163,
0.5995831256194104,
0.5215124325299708,
-0.7946090217301419,
0.0199702248389897,
0.5728437511286272,
-0.5512079356037006,
-0.0500466705251857,
0.7935585477997796,
-0.4991694057891961,
-0.6193412347427482,
0.7890465395687684,
0.1156774801134928,
-0.6599016277135124,
0.4480826201968027,
0.1833597609441299,
-0.7763683713268853,
0.3904506850591117,
0.6993206620539483,
-0.7605774801015286,
-0.2521601020201377,
0.7320902705883111,
-0.3271601930663712,
-0.3203185874012416,
0.7353062796551357,
-0.2573680532598318,
-0.7590724740931108,
0.7001991941935365,
0.3878480732704202,
-0.7787088646593308,
0.1866713707860995,
0.4486842839945244,
-0.6636379409989884,
0.1186209119213792,
0.7921185156895516,
-0.6225476395287907,
-0.5043433202690589,
0.7994655929638051,
-0.0495436530437088,
-0.5541716174384115,
0.5814356197593847,
0.0153559711492010,
-0.8032363271793966,
0.5258244163831702,
0.6072112626642160,
-0.7979780406715365,
-0.0929562681133924,
0.6513988782217561,
-0.4703991532137207,
-0.1628877275219341,
0.7871328656063455,
-0.4115806425947877,
-0.6907284485319761,
0.7698808325798645,
0.2303035383857646,
-0.7236421700730099,
0.3503650328077050,
0.2969224980603047,
-0.7477767483246256,
0.2927660539546357,
0.7524606763345097,
-0.7241644958875568,
-0.3575717702126562,
0.7758914912639635,
-0.2239752826098265,
-0.4244034263398647,
0.6854930315472049,
-0.1489851052984761,
-0.7924959909854602,
0.6445046389957179,
0.4851909139537587,
-0.8032228980035555,
0.0770027330604941,
0.5407758697831546,
-0.5990438726333288,
0.0061209435670496,
0.8070253522510842,
-0.5496773320420862,
-0.5913652653890917,
0.8097096211707631,
0.0566716100199921,
-0.6346060768372663,
0.5057482432204295,
0.1254917251192622,
-0.8018903945685959,
0.4684760525957176,
0.6938798989837256,
-0.8142701220441440,
-0.1954324978862678,
0.7329738570545316,
-0.4062377088683910,
-0.2656784245811547,
0.7956670093249334,
-0.3438701406216144,
-0.7670121645053997,
0.7735050421286764,
0.3316659353275920,
-0.7948637499788509,
0.2780798035390820,
0.3985131617186311,
-0.7425122791364798,
0.2074752996506400,
0.8160001377189173,
-0.7044458078057437,
-0.4618563076073387,
0.8308728319246199,
-0.1329900187139287,
-0.5248439059318732,
0.6553996443584795,
-0.0548829742542136,
-0.8375329258367901,
0.6117211797026804,
0.5805538647505735,
-0.8434417109470908,
-0.0151091713251343,
0.6324736007961652,
-0.5583919266448775,
-0.0891302534657704,
0.8391650892682330,
-0.5011782317191850,
-0.6792955597413501,
0.8285836584067305,
0.1615639620497469,
-0.7201384160133781,
0.4407030038535887,
0.2330691597743589,
-0.8116071818044582,
0.3704867634303705,
0.7573364620115367,
-0.7851683042350628,
-0.3083790362762215,
0.7881171342338888,
-0.3029407355512926,
-0.3755628243769578,
0.7583290262775833,
-0.2355780806942982,
-0.8136564416441369,
0.7237008788868633,
0.4403941149452434,
-0.8315467030013635,
0.1641380999220781,
0.5025970818438592,
-0.6828567436452927,
0.0907680644040098,
0.8425986524987553,
-0.6361864248294775,
-0.5602645958150362,
0.8451918124938866,
-0.0118824110630737,
-0.6154081022389070,
0.5795076697634607,
0.0627436174017754,
-0.8429287935393026,
0.5249409557201268,
0.6657472232787979,
-0.8368805032922367,
-0.1365676301518638,
0.7096412145613539,
-0.4646780438018126,
-0.2092825068736801,
0.8225738481143989,
-0.4021726068841358,
-0.7481040954247044,
0.8024196316015757,
0.2785318722810515,
-0.7802036522458998,
0.3367783693559886,
0.3478381719266081,
-0.7758033040889065,
0.2670142960773395,
0.8073279988832813,
-0.7424765633104342,
-0.4151976776548916,
0.8280718569330711,
-0.1937813593354349,
-0.4813031077621641,
0.7009017219106448,
-0.1180188550141216,
-0.8421000982194027,
0.6580861119824742,
0.5410697287307276,
-0.8509156875591083,
0.0452664994096743,
0.5972717598485384,
-0.6079849975545878,
-0.0296434297616349,
0.8517949208984725,
-0.5535510350211446,
-0.6484448076802519,
0.8470275933708056,
0.1036830918703350,
-0.6943569449526624,
0.4957847335669338,
0.1770063069242857,
-0.8346226683526243,
0.4289945136055773,
0.7357841308499764,
-0.8135606227043527,
-0.2529568324572782,
0.7708932759104383,
-0.3630474995019708,
-0.3220408517609984,
0.7886379094807842,
-0.2956131510126789,
-0.7962761999110467,
0.7542380067890526,
0.3849932270436846,
-0.8164082001077769,
0.2255782889176213,
0.4497925092283933,
-0.7179168675992667,
0.1533677163042973,
0.8332825661532829,
-0.6760169976537231,
-0.5110481873507891,
0.8442207739501802,
-0.0772973294577227,
-0.5760202619551176,
0.6289236559268853,
0.0006637818733412,
-0.8534606426182996,
0.5754071610250133,
0.6245215340558684,
-0.8461617042410715,
-0.0720182464680818,
0.6728429081281891,
-0.5183358694598240,
-0.1459588923177005,
0.8368799046781805,
-0.4578076163139389,
-0.7158765753888482,
0.8213518309303857,
0.2178933812228965,
-0.7529974295656382,
0.3942906845576299,
0.2887588375449713,
-0.7998087679092085,
0.3260761276120885,
0.7927510295084794,
-0.7759785537160448,
-0.3643818933688286,
0.8181557300123551,
-0.2545958220112134,
-0.4284553960323633,
0.7375245056890524,
-0.1820955208578133,
-0.8330252613591078,
0.6971860158119049,
0.4905755889235039,
-0.8454710448484506,
0.1090202843666908,
0.5500027784435039,
-0.6513191514241309,
0.0345175405986116,
0.8517232678039003,
-0.6008161151238388,
-0.6050003752978201,
0.8595385054995638,
0.0436263938625758,
-0.6636154758186971,
0.5484073792286427,
0.1193589065229941,
-0.8532498727402039,
0.5291075115251345,
0.7234930783360430,
-0.8788828261613726,
-0.1762389045410482,
0.7675027806062243,
-0.4636854536858733,
-0.2527635518665877,
0.8609449304914188,
-0.3954167173276084,
-0.8062667491656627,
0.8370150437418306,
0.3268184861732939,
-0.8382764290636220,
0.3243812992118140,
0.3991702059726235,
-0.8056838269170639,
0.2488689593012658,
0.8640220070699622,
-0.7672383653342721,
-0.4692638333206229,
0.8825372159940454,
-0.1709928538657527,
-0.5354197601775122,
0.7209513653167966,
-0.0917599348570655,
-0.8931856673519558,
0.6729569450027434,
0.5976701555709771,
-0.9000771217884979,
0.0136465116525550,
0.6548272644087069,
-0.6178607418817101,
-0.0653659482433505,
0.8980224903528571,
-0.5582975826541895,
-0.7066475348922381,
0.8891765228710290,
0.1446462919604723,
-0.7533799286711750,
0.4938432377271769,
0.2220661988910561,
-0.8731275460400573,
0.4246482278269506,
0.7931387087233822,
-0.8490507597196656,
-0.2982020435191711,
0.8278172889401724,
-0.3533961402116325,
-0.3715960775948506,
0.8204886812543961,
-0.2803681188795774,
-0.8553554026182946,
0.7840159574226191,
0.4398656940958690,
-0.8754601262358968,
0.2052335848823258,
0.5071138133696853,
-0.7426958121678452,
0.1273157947695569,
0.8901164897616138,
-0.6951298846593293,
-0.5705644396585596,
0.8969295609770874,
-0.0471559795829799,
-0.6322867900777625,
0.6411755458154176,
0.0335605475281085,
-0.9001457655085351,
0.5820097870326408,
0.6854625480509385,
-0.8922130391207628,
-0.1124951780567573,
0.7341663561995033,
-0.5196499988611680,
-0.1902765246788962,
0.8794028910627054,
-0.4538065848289053,
-0.7773696107901769,
0.8601428933535868,
0.2663416049942602,
-0.8143861411568575,
0.3846456017012858,
0.3407496778908693,
-0.8339550263979958,
0.3108304309351791,
0.8487543488539110,
-0.8026110100256652,
-0.4160744674329076,
0.8727249921671874,
-0.2343697584575047,
-0.4840362156054969,
0.7608247662093012,
-0.1567490014965557,
-0.8878179339013598,
0.7164991087946995,
0.5485338395331041,
-0.8988800672236487,
0.0793085117724431,
0.6094542578345865,
-0.6654670260043022,
0.0001974144469694,
0.9023256141031426,
-0.6095716182363994,
-0.6655002758374656,
0.9023359162601222,
0.0816017591126856,
-0.7208462195416809,
0.5490840034237864,
0.1610369395531055,
-0.8920702901392878,
0.4808786907570423,
0.7590697033912401,
-0.8674381750457519,
-0.2350693272571667,
0.7988439025662427,
-0.4124425535250423,
-0.3105420875707829,
0.8441440313971650,
-0.3406298154013160,
-0.8324896511953761,
0.8129876080582061,
0.3832084274883149,
-0.8585883305593283,
0.2664977682525578,
0.4533156536292008,
-0.7765773192961793,
0.1897702121145364,
0.8788063607224134,
-0.7335833537738253,
-0.5200850944592800,
0.8920425548877021,
-0.1109189033114572,
-0.5835275348643854,
0.6850113549283914,
-0.0321819991302697,
-0.8993278077042419,
0.6305083179283023,
0.6424834126885769,
-0.8989842261229143,
-0.0480964559514014,
0.6956861945167268,
-0.5716217994161136,
-0.1267884767964011,
0.8915297350223568,
-0.5086331737826524,
-0.7433448457997662,
0.8771887316577552,
0.2046456286520200,
-0.7852129884535460,
0.4416039874181901,
0.2806860643516660,
-0.8562758820599905,
0.3720684256071722,
0.8228577409421585,
-0.8302821471839299,
-0.3557336137762894,
0.8527831601379631,
-0.2978680800036280,
-0.4280103995283565,
0.7946126062992593,
-0.2208839136496958,
-0.8752884700090308,
0.7544295172490806,
0.4956302805688832,
-0.8912017362909358,
0.1439270093679825,
0.5601911724799781,
-0.7079874594626374,
0.0650280261325802,
0.9003345257875772,
-0.6560704022686596,
-0.6201896792209391,
0.9046647335545194,
0.0138074098942533,
-0.6771344559489865,
0.6005287174115174,
0.0938303583673137,
-0.9004106599892097,
0.5874502932756581,
0.7459132748188032,
-0.9369969318316678,
-0.1535155419507732,
0.7948702020103783,
-0.5195068749760182,
-0.2351906405732969,
0.9202480060596232,
-0.4480597498987214,
-0.8377664795454580,
0.8966113503744960,
0.3152062306342590,
-0.8742560897330922,
0.3730776130518886,
0.3928970240103411,
-0.8656617770637463,
0.2940614521449840,
0.9050686518120932,
-0.8281263303134873,
-0.4690209778866751,
0.9273557855016842,
-0.2128811578648438,
-0.5397082814791856,
0.7825393088898606,
-0.1302844532567559,
-0.9414894334170968,
0.7327375323991403,
0.6063826456040163,
-0.9499543070161677,
0.0475576236674919,
0.6685655527623319,
-0.6765308398240484,
-0.0361363639896557,
0.9504860752324584,
-0.6152249515530305,
-0.7254983429609367,
0.9448182272148372,
0.1210355140361303,
-0.7787428132459034,
0.5486895959207689,
0.2039622286215484,
-0.9307036083605552,
0.4783170264587840,
0.8208242411142348,
-0.9071625684275888,
-0.2824258560462556,
0.8599685991581276,
-0.4042117357621804,
-0.3614196811991819,
0.8791523709053203,
-0.3269830455877303,
-0.8926572059552502,
0.8437814998376231,
0.4371841973257126,
-0.9176795038769844,
0.2473570285588527,
0.5098561957676552,
-0.8021848110481260,
0.1653714761463031,
0.9359669148617473,
-0.7540770750214530,
-0.5787187425837372,
0.9465482527198313,
-0.0820237330357328,
-0.6430475205202760,
0.7000909400232077,
0.0015164817439844,
-0.9506274778512528,
0.6395805864775720,
0.7031690969714188,
-0.9466184448075949,
-0.0867891220928849,
0.7569108838810943,
-0.5752517840819804,
-0.1695071907651106,
0.9355508024375403,
-0.5068074300648705,
-0.8046206761990603,
0.9173786300354203,
0.2512027938462302,
-0.8463330659918308,
0.4342773742119423,
0.3309275961444108,
-0.8919214339883029,
0.3586530788174400,
0.8819566447653668,
-0.8602064825724181,
-0.4083948160196544,
0.9101848559760293,
-0.2792561467584297,
-0.4829709469378304,
0.8200242681126243,
-0.1973972297605093,
-0.9309911195871615,
0.7749776319036554,
0.5528169549653976,
-0.9449328475333008,
0.1155665716581998,
0.6189579160210582,
-0.7233009392354381,
0.0319235898354784,
0.9514480914951490,
-0.6660657848994052,
-0.6802194311315666,
0.9513600471513509,
0.0519220422595186,
-0.7370844846564788,
0.6039854281393374,
0.1358022508707703,
-0.9433275935486529,
0.5348744242828862,
0.7854945908792800,
-0.9249434621308846,
-0.2181678992906240,
0.8297388922608570,
-0.4636470137091618,
-0.2988515777309254,
0.9025421851348807,
-0.3889162304471754,
-0.8676695369818856,
0.8726481833510196,
0.3772384541146286,
-0.8984727133937765,
0.3110966976050226,
0.4526705493862697,
-0.8362822746938340,
0.2303297165872339,
0.9226847810079911,
-0.7930307391286533,
-0.5250557745264848,
0.9393743025322890,
-0.1478888040632649,
-0.5928417930548666,
0.7437147704395275,
-0.0649425243847662,
-0.9488733860505343,
0.6883806229235516,
0.6566569956990568,
-0.9511810606997547,
-0.0195339971731050,
0.7148507260252090,
-0.6279159870285667,
-0.1030457779358517,
0.9459372502888134,
-0.5627944072421857,
-0.7673962743191579,
0.9333476742413596,
0.1864222620092704,
-0.8143027035435270,
0.4927907007961202,
0.2678505479686955,
-0.9135593741773974,
0.4206649065829865,
0.8543454265388210,
-0.8872653312933826,
-0.3460906105163032,
0.8882378510503527,
-0.3436781240479566,
-0.4232900012613562,
0.8528245873092003,
-0.2636924771744905,
-0.9146775791159973,
0.8122169012484748,
0.4957194127361552,
-0.9338505538769430,
0.1828322021963555,
0.5653531492239159,
-0.7654476841395734,
0.0997841637307458,
0.9463267047439973,
-0.7126884711100488,
-0.6306439548278019,
0.9521129426254114,
-0.0166311878832306,
-0.6919874297671003,
0.6552863824459343,
0.0679464777187185,
-0.9508322054013131,
0.6459989303582480,
0.7633383142329484,
0.5905446731868453,
0.8070049497807570,
0.5321483521589104,
0.8466511272623194,
0.4711008948083817,
0.8820793314156852,
0.4077064364970006,
0.9131130607098539,
0.3422808052272379,
0.9395977066665253,
0.2751499482030719,
0.9614013241117607,
0.2066483079774142,
0.9784152885202029,
0.1371171562761334,
0.9905548371769967,
0.0669028937994840,
0.9977594914613717,
-0.0036446755287584,
0.9999933581480880,
-0.0741740872668492,
0.9972453082256791,
-0.1443339674332446,
0.9895290323406277,
-0.2137747830341030,
0.9768829725912527,
-0.2821505834190783,
0.9593701310111097,
-0.3491207237900583,
0.9370777556960286,
-0.4143515622764131,
0.9101169061384893,
-0.4775181221220132,
0.8786218999348161,
-0.5383057107030805,
0.8427496436216697,
-0.5964114873110115,
0.8026788509755737,
-0.6515459718895529,
0.7586091526698698,
-0.7034344872098822,
0.7107601017247451,
-0.7518185272987437,
0.6593700797051291,
-0.7964570453022046,
0.6046951091157279,
-0.8371276543689562,
0.5470075779097849,
-0.8736277355704207,
0.4865948824659986,
-0.9057754473380615,
0.4237579957942205,
-0.9334106313889302,
0.3588099681030597,
-0.9563956106261767,
0.2920743671994900,
-0.9746158750394202,
0.2238836664903120,
-0.9879806521878605,
0.1545775886163643,
-0.9964233594240123,
0.0845014129714147,
-0.9999019356051062,
0.0140042555375897,
-0.9983990506395855,
-0.0565626703928885,
-0.9919221918247509,
-0.1268478039446567,
-0.9805036265454224,
-0.1965009881178077,
-0.9642002415194506,
-0.2651752142524508,
-0.9430932593909500,
-0.3325283508084000,
-0.9172878340831719,
-0.3982248478472976,
-0.8869125269269480,
-0.4619374087255282,
-0.8521186661746071,
-0.5233486206696341,
-0.8130795930902337,
-0.5821525361107860,
-0.7699897983722103,
-0.6380561969001813,
-0.7230639532103404,
-0.6907810938118056,
-0.6725358398047802,
-0.7400645540613866,
-0.6186571866748760,
-0.7856610499289930,
-0.5616964145603438,
-0.8273434219657847,
-0.5019372991626456,
-0.8649040106909602,
-0.4396775573887198,
-0.8981556911408450,
-0.3752273641403251,
-0.9269328051160471,
-0.3089078070382837,
-0.9510919864822742,
-0.2410492867801045,
-0.9705128754132029,
-0.1719898711003282,
-0.9850987180170790,
-0.1020736105340790,
-0.9947768483597400,
-0.0316488243746050,
-0.9994990504826432,
0.0389336346359198,
-0.9992417986123462,
0.1093221282371088,
-0.9940063743647267,
0.1791659844944878,
-0.9838188603600365,
0.2481172448294336,
-0.9687300102805998,
0.3158323975313094,
-0.9488149960185204,
0.3819740891155285,
-0.9241730331730970,
0.4462128050016448,
-0.8949268867636977,
0.5082285111384175,
-0.8612222596206088,
0.5677122483973565,
-0.8232270665008642,
0.6243676717915592,
-0.7811305975453707,
0.6779125268515284,
-0.7351425752449492,
0.7280800558027423,
-0.6854921096134337,
0.7746203265394678,
-0.6324265567731072,
0.8173014777739402,
-0.5762102866389435,
0.8559108741576356,
-0.5171233658409878,
0.8902561656198807,
-0.4554601624464948,
0.9201662456462307,
-0.3915278794330240,
0.9454921037225161,
-0.3256450242186587,
0.9661075676977298,
-0.2581398218740700,
0.9819099323673357,
-0.1893485799217257,
0.9928204711454329,
-0.1196140128687295,
0.9987848282766453,
-0.0492835348203859,
0.9997732896337612,
0.0212924713193970,
0.9957809307520208,
0.0917623994381100,
0.9868276413625510,
0.1617751718986089,
0.9729580263027263,
0.2309819885902432,
0.9542411832971125,
0.2990380646334621,
0.9307703587160779,
0.3656043480807410,
0.9026624830270676,
0.4303492090563300,
0.8700575882528960,
0.4929500919196121,
0.8331181103392526,
0.5530951222210813,
0.7920280799069921,
0.6104846604451608,
0.7469922054208377,
0.6648327947991984,
0.6982348533421070,
0.7158687656116351,
]

triangles = [
0, 1, 3,
1, 6, 3,
3, 8, 0,
0, 4, 1,
1, 9, 6,
5, 2, 0,
0, 2, 4,
6, 11, 3,
3, 16, 8,
8, 5, 0,
4, 9, 1,
11, 16, 3,
9, 14, 6,
6, 19, 11,
14, 19, 6,
15, 7, 2,
2, 7, 4,
4, 17, 9,
21, 13, 8,
8, 13, 5,
5, 10, 2,
16, 21, 8,
18, 10, 5,
12, 17, 4,
9, 22, 14,
32, 24, 11,
11, 24, 16,
16, 29, 21,
17, 22, 9,
14, 27, 19,
7, 12, 4,
19, 32, 11,
13, 18, 5,
37, 29, 16,
21, 34, 13,
23, 15, 10,
10, 15, 2,
7, 20, 12,
35, 27, 14,
19, 40, 32,
58, 37, 24,
24, 37, 16,
42, 21, 29,
42, 34, 21,
13, 26, 18,
15, 20, 7,
43, 35, 22,
22, 35, 14,
61, 40, 27,
27, 40, 19,
32, 45, 24,
38, 30, 17,
17, 30, 22,
25, 17, 12,
34, 26, 13,
18, 31, 10,
50, 42, 29,
34, 47, 26,
39, 31, 18,
15, 28, 20,
53, 45, 32,
31, 23, 10,
33, 25, 12,
36, 28, 15,
20, 33, 12,
71, 50, 37,
37, 50, 29,
41, 33, 20,
40, 53, 32,
51, 43, 30,
30, 43, 22,
35, 48, 27,
79, 58, 45,
45, 58, 24,
60, 39, 26,
26, 39, 18,
57, 36, 23,
59, 38, 25,
25, 38, 17,
56, 48, 35,
40, 74, 53,
48, 61, 27,
55, 34, 42,
55, 47, 34,
44, 23, 31,
23, 36, 15,
28, 41, 20,
76, 55, 42,
77, 56, 43,
43, 56, 35,
48, 82, 61,
84, 63, 50,
50, 63, 42,
49, 41, 28,
33, 46, 25,
92, 71, 58,
58, 71, 37,
72, 51, 38,
38, 51, 30,
52, 44, 31,
95, 74, 61,
61, 74, 40,
53, 66, 45,
87, 66, 53,
81, 60, 47,
47, 60, 26,
39, 52, 31,
54, 46, 33,
73, 52, 39,
66, 79, 45,
46, 59, 25,
70, 49, 36,
36, 49, 28,
41, 54, 33,
97, 76, 63,
63, 76, 42,
55, 68, 47,
85, 64, 51,
51, 64, 43,
75, 54, 41,
46, 80, 59,
78, 57, 44,
44, 57, 23,
105, 84, 71,
71, 84, 50,
69, 48, 56,
69, 82, 48,
90, 69, 56,
108, 87, 74,
74, 87, 53,
66, 100, 79,
113, 92, 79,
79, 92, 58,
89, 68, 55,
94, 73, 60,
60, 73, 39,
52, 65, 44,
64, 77, 43,
93, 72, 59,
59, 72, 38,
64, 98, 77,
82, 95, 61,
68, 81, 47,
83, 62, 49,
49, 62, 41,
86, 65, 52,
118, 97, 84,
84, 97, 63,
76, 89, 55,
91, 70, 57,
57, 70, 36,
110, 89, 76,
68, 102, 81,
121, 100, 87,
87, 100, 66,
111, 90, 77,
77, 90, 56,
103, 116, 82,
82, 116, 95,
88, 67, 54,
54, 67, 46,
106, 85, 72,
72, 85, 51,
126, 105, 92,
92, 105, 71,
96, 75, 62,
62, 75, 41,
67, 80, 46,
129, 108, 95,
95, 108, 74,
65, 78, 44,
115, 94, 81,
81, 94, 60,
73, 86, 52,
65, 99, 78,
100, 113, 79,
107, 86, 73,
80, 93, 59,
119, 98, 85,
85, 98, 64,
104, 83, 70,
70, 83, 49,
105, 118, 84,
97, 110, 76,
103, 82, 69,
124, 103, 90,
90, 103, 69,
131, 110, 97,
89, 102, 68,
142, 121, 108,
108, 121, 87,
100, 134, 113,
112, 91, 78,
78, 91, 57,
123, 102, 89,
147, 126, 113,
113, 126, 92,
105, 139, 118,
75, 88, 54,
67, 101, 80,
80, 114, 93,
109, 88, 75,
98, 111, 77,
150, 129, 116,
116, 129, 95,
102, 115, 81,
94, 107, 73,
128, 107, 94,
86, 99, 65,
127, 106, 93,
93, 106, 72,
98, 132, 111,
117, 96, 83,
83, 96, 62,
144, 123, 110,
110, 123, 89,
102, 136, 115,
120, 99, 86,
155, 100, 121,
155, 134, 100,
111, 124, 90,
103, 137, 116,
152, 131, 118,
118, 131, 97,
160, 105, 126,
160, 139, 105,
163, 142, 108,
122, 101, 88,
88, 101, 67,
106, 119, 85,
111, 145, 124,
101, 114, 80,
106, 140, 119,
125, 104, 91,
91, 104, 70,
99, 112, 78,
134, 147, 113,
176, 155, 121,
134, 168, 147,
130, 109, 96,
96, 109, 75,
149, 128, 115,
115, 128, 94,
107, 120, 86,
141, 120, 107,
99, 133, 112,
158, 137, 103,
129, 163, 108,
181, 160, 126,
119, 132, 98,
124, 158, 103,
165, 144, 110,
157, 136, 102,
165, 110, 131,
104, 117, 83,
148, 127, 114,
114, 127, 93,
119, 153, 132,
137, 150, 116,
173, 152, 139,
139, 152, 118,
184, 163, 129,
142, 176, 121,
157, 102, 123,
166, 145, 111,
109, 122, 88,
101, 135, 114,
143, 122, 109,
146, 125, 112,
112, 125, 91,
104, 138, 117,
179, 158, 124,
137, 171, 150,
161, 140, 106,
178, 157, 123,
197, 176, 142,
202, 181, 147,
186, 165, 131,
144, 178, 123,
162, 107, 128,
162, 141, 107,
154, 133, 99,
168, 134, 189,
147, 181, 126,
194, 173, 139,
170, 149, 136,
136, 149, 115,
189, 134, 155,
151, 130, 117,
117, 130, 96,
154, 99, 120,
156, 101, 122,
156, 135, 101,
127, 161, 106,
194, 139, 160,
152, 186, 131,
174, 153, 119,
132, 166, 111,
150, 184, 129,
163, 197, 142,
205, 184, 150,
187, 166, 132,
145, 179, 124,
159, 104, 125,
159, 138, 104,
210, 189, 155,
168, 202, 147,
210, 155, 176,
183, 162, 128,
175, 154, 120,
175, 120, 141,
182, 161, 127,
140, 174, 119,
135, 148, 114,
199, 144, 165,
199, 178, 144,
191, 170, 136,
164, 109, 130,
164, 143, 109,
192, 137, 158,
192, 171, 137,
207, 186, 152,
200, 179, 145,
167, 146, 133,
133, 146, 112,
215, 160, 181,
215, 194, 160,
173, 207, 152,
218, 197, 163,
177, 156, 122,
135, 169, 148,
180, 159, 125,
223, 202, 168,
172, 151, 138,
138, 151, 117,
231, 210, 176,
189, 223, 168,
191, 136, 157,
149, 183, 128,
213, 192, 158,
239, 218, 184,
195, 174, 140,
153, 187, 132,
196, 141, 162,
196, 175, 141,
188, 167, 133,
220, 199, 165,
212, 191, 157,
204, 183, 149,
236, 215, 181,
228, 207, 173,
185, 164, 130,
143, 177, 122,
212, 157, 178,
170, 204, 149,
208, 187, 153,
166, 200, 145,
179, 213, 158,
228, 173, 194,
186, 220, 165,
205, 150, 171,
184, 218, 163,
197, 231, 176,
226, 205, 171,
203, 182, 148,
148, 182, 127,
161, 195, 140,
221, 200, 166,
188, 133, 154,
146, 180, 125,
198, 177, 143,
190, 169, 135,
234, 213, 179,
192, 226, 171,
190, 135, 156,
201, 180, 146,
193, 172, 138,
244, 223, 189,
202, 236, 181,
252, 231, 197,
210, 244, 189,
241, 220, 186,
233, 212, 178,
233, 178, 199,
216, 195, 161,
174, 208, 153,
217, 196, 162,
209, 188, 154,
193, 138, 159,
151, 185, 130,
164, 198, 143,
209, 154, 175,
167, 201, 146,
249, 228, 194,
207, 241, 186,
249, 194, 215,
257, 236, 202,
225, 204, 170,
183, 217, 162,
225, 170, 191,
206, 185, 151,
211, 190, 156,
169, 203, 148,
211, 156, 177,
229, 208, 174,
187, 221, 166,
265, 244, 210,
223, 257, 202,
214, 193, 159,
172, 206, 151,
242, 221, 187,
200, 234, 179,
205, 239, 184,
218, 252, 197,
260, 239, 205,
247, 192, 213,
247, 226, 192,
238, 217, 183,
230, 209, 175,
254, 233, 199,
246, 225, 191,
230, 175, 196,
219, 198, 164,
270, 249, 215,
262, 241, 207,
220, 254, 199,
262, 207, 228,
273, 252, 218,
231, 265, 210,
224, 203, 169,
182, 216, 161,
195, 229, 174,
237, 216, 182,
255, 234, 200,
222, 201, 167,
180, 214, 159,
222, 167, 188,
278, 257, 223,
236, 270, 215,
246, 191, 212,
204, 238, 183,
232, 211, 177,
190, 224, 169,
268, 247, 213,
226, 260, 205,
286, 265, 231,
244, 278, 223,
235, 214, 180,
227, 206, 172,
250, 229, 195,
208, 242, 187,
227, 172, 193,
185, 219, 164,
275, 254, 220,
267, 246, 212,
251, 230, 196,
243, 222, 188,
267, 212, 233,
291, 270, 236,
283, 262, 228,
283, 228, 249,
241, 275, 220,
240, 219, 185,
198, 232, 177,
259, 238, 204,
217, 251, 196,
259, 204, 225,
263, 242, 208,
221, 255, 200,
315, 260, 226,
239, 273, 218,
294, 273, 239,
252, 286, 231,
243, 188, 209,
201, 235, 180,
299, 278, 244,
257, 291, 236,
276, 255, 221,
234, 268, 213,
245, 190, 211,
245, 224, 190,
203, 237, 182,
216, 250, 195,
307, 286, 252,
265, 299, 244,
258, 237, 203,
289, 268, 234,
247, 281, 226,
296, 275, 241,
288, 267, 233,
253, 232, 198,
304, 283, 249,
262, 296, 241,
288, 233, 254,
280, 259, 225,
272, 251, 217,
264, 243, 209,
248, 193, 214,
248, 227, 193,
206, 240, 185,
271, 250, 216,
229, 263, 208,
256, 235, 201,
264, 209, 230,
222, 256, 201,
302, 281, 247,
260, 294, 239,
280, 225, 246,
238, 272, 217,
312, 291, 257,
270, 304, 249,
284, 263, 229,
242, 276, 221,
266, 245, 211,
224, 258, 203,
261, 240, 206,
219, 253, 198,
297, 276, 242,
255, 289, 234,
269, 248, 214,
227, 261, 206,
320, 299, 265,
278, 312, 257,
349, 294, 260,
273, 307, 252,
286, 320, 265,
333, 312, 278,
285, 264, 230,
301, 280, 246,
309, 288, 254,
267, 301, 246,
293, 238, 259,
293, 272, 238,
251, 285, 230,
351, 296, 262,
275, 309, 254,
274, 253, 219,
232, 266, 211,
325, 304, 270,
283, 317, 262,
325, 270, 291,
279, 258, 224,
237, 271, 216,
328, 307, 273,
310, 289, 255,
268, 302, 247,
341, 320, 286,
292, 271, 237,
250, 284, 229,
277, 222, 243,
277, 256, 222,
235, 269, 214,
336, 315, 281,
281, 315, 226,
338, 317, 283,
330, 309, 275,
287, 266, 232,
245, 279, 224,
305, 284, 250,
331, 310, 276,
323, 302, 268,
306, 285, 251,
298, 277, 243,
290, 269, 235,
282, 261, 227,
380, 325, 291,
304, 338, 283,
282, 227, 248,
240, 274, 219,
322, 267, 288,
322, 301, 267,
348, 293, 259,
298, 243, 264,
256, 290, 235,
314, 259, 280,
272, 306, 251,
276, 310, 255,
289, 323, 268,
297, 242, 263,
383, 328, 294,
294, 328, 273,
307, 341, 286,
299, 333, 278,
312, 346, 291,
388, 333, 299,
295, 274, 240,
253, 287, 232,
300, 279, 245,
258, 292, 237,
318, 297, 263,
378, 323, 289,
370, 349, 315,
377, 322, 288,
385, 330, 296,
296, 330, 275,
309, 343, 288,
335, 280, 301,
335, 314, 280,
396, 341, 307,
320, 354, 299,
303, 282, 248,
261, 295, 240,
308, 287, 253,
266, 300, 245,
393, 338, 304,
317, 351, 262,
367, 346, 312,
325, 359, 304,
313, 292, 258,
339, 318, 284,
336, 281, 302,
315, 349, 260,
327, 306, 272,
319, 298, 264,
327, 272, 293,
345, 290, 256,
269, 303, 248,
305, 250, 271,
284, 318, 263,
297, 331, 276,
326, 305, 271,
391, 336, 302,
319, 264, 285,
277, 311, 256,
375, 354, 320,
333, 367, 312,
372, 351, 317,
364, 309, 330,
364, 343, 309,
340, 319, 285,
414, 359, 325,
338, 372, 317,
386, 331, 297,
310, 344, 289,
334, 313, 279,
279, 313, 258,
292, 326, 271,
350, 295, 261,
274, 308, 253,
321, 300, 266,
382, 327, 293,
306, 340, 285,
417, 362, 328,
328, 362, 307,
341, 375, 320,
422, 367, 333,
346, 380, 291,
435, 380, 346,
390, 335, 301,
314, 348, 259,
356, 301, 322,
365, 344, 310,
323, 357, 302,
324, 303, 269,
282, 316, 261,
332, 277, 298,
332, 311, 277,
290, 324, 269,
329, 308, 274,
287, 321, 266,
381, 326, 292,
305, 339, 284,
430, 375, 341,
354, 388, 299,
443, 388, 354,
337, 316, 282,
295, 329, 274,
342, 321, 287,
419, 364, 330,
343, 377, 288,
404, 383, 349,
349, 383, 294,
412, 357, 323,
336, 370, 315,
427, 372, 338,
351, 385, 296,
369, 348, 314,
425, 370, 336,
440, 385, 351,
432, 377, 343,
394, 339, 305,
318, 352, 297,
411, 356, 322,
335, 369, 314,
379, 324, 290,
303, 337, 282,
448, 393, 359,
359, 393, 304,
361, 306, 327,
395, 340, 306,
387, 332, 298,
451, 396, 362,
362, 396, 307,
433, 378, 344,
344, 378, 289,
373, 352, 318,
331, 365, 310,
353, 298, 319,
311, 345, 256,
420, 365, 331,
384, 329, 295,
308, 342, 287,
300, 334, 279,
313, 347, 292,
389, 334, 300,
446, 391, 357,
357, 391, 302,
368, 347, 313,
326, 360, 305,
400, 345, 311,
424, 369, 335,
416, 361, 327,
469, 414, 380,
380, 414, 325,
401, 346, 367,
358, 303, 324,
392, 337, 303,
316, 350, 261,
456, 401, 367,
382, 293, 348,
397, 342, 308,
321, 355, 300,
477, 422, 388,
388, 422, 333,
409, 354, 375,
437, 382, 348,
472, 417, 383,
383, 417, 328,
404, 349, 370,
374, 319, 340,
374, 353, 319,
332, 366, 311,
352, 386, 297,
441, 386, 352,
445, 390, 356,
356, 390, 301,
415, 360, 326,
339, 373, 318,
371, 350, 316,
329, 363, 308,
459, 404, 370,
430, 341, 396,
464, 409, 375,
453, 398, 364,
364, 398, 343,
377, 411, 322,
428, 373, 339,
474, 419, 385,
385, 419, 330,
406, 351, 372,
427, 338, 393,
461, 406, 372,
485, 430, 396,
482, 427, 393,
376, 355, 321,
436, 381, 347,
368, 313, 334,
347, 381, 292,
378, 412, 323,
391, 425, 336,
467, 412, 378,
399, 344, 365,
401, 435, 346,
414, 448, 359,
490, 435, 401,
466, 411, 377,
413, 358, 324,
439, 384, 350,
429, 374, 340,
454, 399, 365,
387, 298, 353,
421, 366, 332,
345, 379, 290,
480, 425, 391,
423, 368, 334,
434, 379, 345,
418, 363, 329,
342, 376, 321,
361, 395, 306,
450, 395, 361,
449, 394, 360,
360, 394, 305,
498, 443, 409,
409, 443, 354,
422, 456, 367,
442, 387, 353,
503, 448, 414,
398, 432, 343,
487, 432, 398,
506, 451, 417,
417, 451, 362,
430, 464, 375,
438, 383, 404,
493, 438, 404,
495, 440, 406,
406, 440, 351,
419, 453, 364,
461, 372, 427,
475, 420, 386,
386, 420, 331,
407, 352, 373,
371, 316, 337,
350, 384, 295,
431, 376, 342,
355, 389, 300,
444, 389, 355,
426, 371, 337,
458, 403, 369,
369, 403, 348,
382, 416, 327,
424, 335, 390,
511, 456, 422,
435, 469, 380,
488, 433, 399,
399, 433, 344,
412, 446, 357,
479, 424, 390,
445, 356, 411,
471, 416, 382,
358, 392, 303,
447, 392, 358,
501, 446, 412,
425, 459, 370,
519, 464, 430,
443, 477, 388,
524, 469, 435,
452, 397, 363,
363, 397, 308,
462, 407, 373,
508, 453, 419,
516, 461, 427,
440, 474, 385,
482, 393, 448,
532, 477, 443,
470, 415, 381,
381, 415, 326,
394, 428, 339,
402, 347, 368,
455, 400, 366,
366, 400, 311,
379, 413, 324,
466, 377, 432,
500, 445, 411,
514, 459, 425,
527, 472, 438,
438, 472, 383,
451, 485, 396,
537, 482, 448,
483, 428, 394,
540, 485, 451,
529, 474, 440,
457, 402, 368,
403, 437, 348,
492, 437, 403,
458, 369, 424,
395, 429, 340,
374, 408, 353,
387, 421, 332,
484, 429, 395,
450, 361, 416,
496, 441, 407,
407, 441, 352,
420, 454, 365,
487, 398, 453,
521, 466, 432,
463, 408, 374,
476, 421, 387,
434, 345, 400,
468, 413, 379,
509, 454, 420,
433, 467, 378,
522, 467, 433,
446, 480, 391,
478, 423, 389,
389, 423, 334,
410, 355, 376,
535, 480, 446,
384, 418, 329,
473, 418, 384,
405, 350, 371,
456, 490, 401,
469, 503, 414,
545, 490, 456,
426, 337, 392,
460, 405, 371,
505, 450, 416,
497, 442, 408,
479, 390, 445,
513, 458, 424,
437, 471, 382,
491, 436, 402,
402, 436, 347,
415, 449, 360,
431, 342, 397,
465, 410, 376,
489, 434, 400,
542, 487, 453,
447, 358, 413,
481, 426, 392,
504, 449, 415,
530, 475, 441,
558, 503, 469,
550, 495, 461,
486, 431, 397,
500, 411, 466,
534, 479, 445,
553, 498, 464,
464, 498, 409,
477, 511, 422,
566, 511, 477,
561, 506, 472,
472, 506, 417,
485, 519, 430,
493, 404, 459,
548, 493, 459,
463, 374, 429,
408, 442, 353,
421, 455, 366,
441, 475, 386,
454, 488, 399,
462, 373, 428,
516, 427, 482,
461, 495, 406,
474, 508, 419,
517, 462, 428,
543, 488, 454,
467, 501, 412,
526, 471, 437,
574, 519, 485,
571, 516, 482,
499, 444, 410,
410, 444, 355,
423, 457, 368,
494, 439, 405,
405, 439, 350,
418, 452, 363,
502, 447, 413,
426, 460, 371,
563, 508, 474,
490, 524, 435,
503, 537, 448,
579, 524, 490,
556, 501, 467,
480, 514, 425,
510, 455, 421,
434, 468, 379,
484, 395, 450,
518, 463, 429,
442, 476, 387,
507, 452, 418,
431, 465, 376,
569, 514, 480,
555, 500, 466,
521, 432, 487,
512, 457, 423,
538, 483, 449,
470, 381, 436,
449, 483, 394,
587, 532, 498,
498, 532, 443,
511, 545, 456,
539, 484, 450,
525, 470, 436,
592, 537, 503,
493, 527, 438,
506, 540, 451,
582, 527, 493,
595, 540, 506,
519, 553, 464,
576, 521, 487,
584, 529, 495,
495, 529, 440,
508, 542, 453,
550, 461, 516,
523, 468, 434,
547, 492, 458,
458, 492, 403,
471, 505, 416,
513, 424, 479,
600, 545, 511,
531, 476, 442,
455, 489, 400,
481, 392, 447,
515, 460, 426,
439, 473, 384,
577, 522, 488,
488, 522, 433,
520, 465, 431,
444, 478, 389,
564, 509, 475,
475, 509, 420,
496, 407, 462,
533, 478, 444,
608, 553, 519,
568, 513, 479,
590, 535, 501,
501, 535, 446,
616, 561, 527,
613, 558, 524,
524, 558, 469,
528, 473, 439,
452, 486, 397,
551, 496, 462,
605, 550, 516,
571, 482, 537,
536, 481, 447,
532, 566, 477,
621, 566, 532,
597, 542, 508,
560, 505, 471,
552, 497, 463,
541, 486, 452,
544, 489, 455,
468, 502, 413,
548, 459, 514,
527, 561, 472,
540, 574, 485,
629, 574, 540,
626, 571, 537,
603, 548, 514,
589, 534, 500,
500, 534, 445,
555, 466, 521,
618, 563, 529,
529, 563, 474,
457, 491, 402,
470, 504, 415,
546, 491, 457,
559, 504, 470,
483, 517, 428,
572, 517, 483,
492, 526, 437,
581, 526, 492,
547, 458, 513,
610, 555, 521,
463, 497, 408,
476, 510, 421,
518, 429, 484,
624, 569, 535,
535, 569, 480,
598, 543, 509,
509, 543, 454,
522, 556, 467,
611, 556, 522,
496, 530, 441,
585, 530, 496,
539, 450, 505,
573, 518, 484,
557, 502, 468,
565, 510, 476,
489, 523, 434,
631, 576, 542,
542, 576, 487,
567, 512, 478,
478, 512, 423,
545, 579, 490,
558, 592, 503,
634, 579, 545,
460, 494, 405,
473, 507, 418,
549, 494, 460,
515, 426, 481,
602, 547, 513,
554, 499, 465,
465, 499, 410,
594, 539, 505,
562, 507, 473,
486, 520, 431,
580, 525, 491,
491, 525, 436,
504, 538, 449,
623, 568, 534,
534, 568, 479,
593, 538, 504,
619, 564, 530,
578, 523, 489,
551, 462, 517,
530, 564, 475,
543, 577, 488,
632, 577, 543,
655, 600, 566,
566, 600, 511,
536, 447, 502,
570, 515, 481,
642, 587, 553,
553, 587, 498,
575, 520, 486,
606, 551, 517,
647, 592, 558,
639, 584, 550,
586, 531, 497,
497, 531, 442,
510, 544, 455,
552, 463, 518,
615, 560, 526,
526, 560, 471,
637, 582, 548,
548, 582, 493,
561, 595, 506,
650, 595, 561,
574, 608, 519,
605, 516, 571,
550, 584, 495,
563, 597, 508,
663, 608, 574,
668, 613, 579,
579, 613, 524,
588, 533, 499,
499, 533, 444,
512, 546, 457,
660, 605, 571,
591, 536, 502,
573, 484, 539,
607, 552, 518,
583, 528, 494,
494, 528, 439,
507, 541, 452,
676, 621, 587,
587, 621, 532,
627, 572, 538,
538, 572, 483,
599, 544, 510,
523, 557, 468,
556, 590, 501,
569, 603, 514,
645, 590, 556,
601, 546, 512,
525, 559, 470,
628, 573, 539,
614, 559, 525,
652, 597, 563,
596, 541, 507,
520, 554, 465,
681, 626, 592,
592, 626, 537,
684, 629, 595,
595, 629, 540,
671, 616, 582,
582, 616, 527,
658, 603, 569,
689, 634, 600,
600, 634, 545,
673, 618, 584,
584, 618, 529,
731, 642, 697,
608, 642, 553,
555, 589, 500,
636, 581, 547,
644, 589, 555,
610, 521, 576,
665, 610, 576,
620, 565, 531,
531, 565, 476,
612, 557, 523,
702, 647, 613,
613, 647, 558,
609, 554, 520,
605, 639, 550,
694, 639, 605,
515, 549, 460,
604, 549, 515,
570, 481, 536,
666, 611, 577,
577, 611, 522,
621, 655, 566,
710, 655, 621,
533, 567, 478,
622, 567, 533,
602, 513, 568,
547, 581, 492,
560, 594, 505,
679, 624, 590,
590, 624, 535,
718, 663, 629,
629, 663, 574,
705, 650, 616,
616, 650, 561,
715, 660, 626,
626, 660, 571,
617, 562, 528,
528, 562, 473,
541, 575, 486,
686, 631, 597,
597, 631, 542,
625, 570, 536,
657, 602, 568,
692, 637, 603,
603, 637, 548,
653, 598, 564,
564, 598, 509,
585, 496, 551,
633, 578, 544,
544, 578, 489,
630, 575, 541,
707, 652, 618,
618, 652, 563,
640, 585, 551,
678, 623, 589,
589, 623, 534,
713, 658, 624,
624, 658, 569,
699, 644, 610,
610, 644, 555,
649, 594, 560,
641, 586, 552,
700, 645, 611,
611, 645, 556,
598, 632, 543,
687, 632, 598,
546, 580, 491,
661, 606, 572,
635, 580, 546,
585, 619, 530,
581, 615, 526,
670, 615, 581,
593, 504, 559,
572, 606, 517,
585, 674, 619,
648, 593, 559,
720, 665, 631,
631, 665, 576,
552, 586, 497,
565, 599, 510,
607, 518, 573,
691, 636, 602,
602, 636, 547,
662, 607, 573,
712, 657, 623,
623, 657, 568,
598, 653, 742,
619, 653, 564,
646, 591, 557,
557, 591, 502,
638, 583, 549,
700, 666, 755,
632, 666, 577,
594, 628, 539,
683, 628, 594,
656, 601, 567,
567, 601, 512,
729, 640, 695,
606, 640, 551,
682, 627, 593,
593, 627, 538,
634, 668, 579,
736, 681, 592,
723, 668, 634,
654, 599, 565,
578, 612, 523,
669, 614, 580,
580, 614, 525,
643, 588, 554,
554, 588, 499,
549, 583, 494,
562, 596, 507,
604, 515, 570,
704, 649, 615,
615, 649, 560,
667, 612, 578,
731, 587, 642,
731, 676, 587,
655, 689, 600,
744, 689, 655,
675, 620, 586,
586, 620, 531,
651, 596, 562,
575, 609, 520,
736, 592, 647,
728, 584, 639,
664, 609, 575,
696, 641, 607,
607, 641, 552,
659, 604, 570,
726, 671, 637,
637, 671, 582,
739, 684, 595,
697, 642, 608,
606, 661, 750,
627, 661, 572,
697, 608, 752,
739, 595, 650,
757, 702, 668,
668, 702, 613,
752, 608, 663,
717, 662, 628,
628, 662, 573,
677, 622, 588,
588, 622, 533,
694, 605, 749,
728, 673, 584,
741, 686, 597,
703, 648, 614,
614, 648, 559,
765, 710, 676,
676, 710, 621,
702, 736, 647,
688, 633, 599,
599, 633, 544,
812, 723, 778,
689, 723, 634,
680, 625, 591,
591, 625, 536,
672, 617, 583,
583, 617, 528,
749, 605, 660,
690, 635, 601,
601, 635, 546,
694, 728, 639,
718, 752, 663,
820, 676, 731,
685, 630, 596,
596, 630, 541,
770, 715, 681,
681, 715, 626,
705, 739, 650,
684, 718, 629,
773, 718, 684,
709, 654, 620,
620, 654, 565,
671, 705, 616,
715, 749, 660,
694, 783, 728,
645, 679, 590,
747, 692, 603,
734, 679, 645,
741, 597, 652,
665, 699, 610,
733, 678, 589,
710, 744, 655,
747, 603, 658,
671, 760, 705,
609, 643, 554,
732, 643, 698,
673, 707, 618,
762, 707, 673,
701, 646, 612,
612, 646, 557,
707, 741, 652,
622, 656, 567,
690, 656, 745,
604, 638, 549,
693, 638, 604,
692, 726, 637,
754, 699, 665,
733, 589, 644,
725, 670, 636,
706, 651, 617,
617, 651, 562,
679, 713, 624,
815, 671, 726,
714, 659, 625,
625, 659, 570,
713, 747, 658,
719, 664, 630,
630, 664, 575,
721, 666, 632,
666, 700, 611,
679, 768, 713,
633, 667, 578,
722, 667, 633,
775, 720, 686,
686, 720, 631,
788, 733, 699,
699, 733, 644,
636, 670, 581,
738, 683, 594,
691, 602, 657,
708, 653, 619,
742, 687, 598,
700, 734, 645,
746, 691, 657,
767, 712, 678,
678, 712, 623,
729, 585, 640,
729, 674, 585,
720, 754, 665,
687, 721, 632,
789, 823, 734,
708, 742, 653,
810, 755, 721,
674, 708, 619,
695, 640, 606,
797, 742, 708,
695, 606, 750,
738, 594, 649,
730, 586, 641,
780, 725, 691,
691, 725, 636,
670, 704, 615,
759, 704, 670,
712, 746, 657,
721, 755, 666,
716, 661, 627,
704, 738, 649,
635, 669, 580,
737, 682, 593,
724, 669, 635,
737, 593, 648,
730, 675, 586,
743, 688, 599,
696, 607, 751,
716, 750, 661,
708, 674, 763,
751, 607, 662,
683, 717, 628,
772, 717, 683,
682, 716, 627,
696, 730, 641,
703, 737, 648,
805, 750, 716,
669, 703, 614,
717, 751, 662,
711, 656, 622,
656, 690, 601,
669, 758, 703,
702, 791, 736,
736, 825, 681,
715, 804, 749,
812, 757, 668,
812, 668, 723,
743, 599, 654,
735, 680, 646,
701, 612, 667,
646, 680, 591,
727, 583, 638,
732, 588, 643,
732, 677, 588,
778, 723, 689,
778, 689, 833,
799, 744, 710,
820, 731, 786,
820, 765, 676,
731, 697, 786,
833, 689, 744,
786, 697, 841,
846, 791, 757,
757, 791, 702,
764, 709, 675,
675, 709, 620,
841, 752, 807,
841, 697, 752,
727, 672, 583,
740, 685, 596,
698, 643, 609,
693, 604, 748,
756, 701, 667,
791, 825, 736,
838, 783, 694,
709, 743, 654,
825, 770, 681,
728, 817, 673,
690, 724, 635,
799, 833, 744,
740, 596, 651,
765, 799, 710,
833, 799, 888,
828, 684, 739,
828, 773, 684,
828, 739, 794,
698, 609, 753,
807, 752, 718,
838, 694, 749,
707, 796, 741,
741, 830, 686,
720, 809, 754,
815, 726, 781,
815, 760, 671,
726, 692, 781,
773, 807, 718,
677, 711, 622,
779, 813, 724,
766, 711, 677,
794, 739, 705,
753, 609, 664,
770, 804, 715,
783, 817, 728,
760, 794, 705,
748, 604, 659,
817, 762, 673,
804, 838, 749,
777, 722, 688,
688, 722, 633,
692, 747, 836,
781, 692, 836,
773, 828, 917,
680, 714, 625,
769, 714, 680,
693, 727, 638,
672, 706, 617,
761, 706, 672,
706, 740, 651,
762, 796, 707,
711, 745, 656,
790, 735, 701,
701, 735, 646,
719, 630, 685,
719, 753, 664,
821, 677, 732,
836, 747, 802,
768, 679, 823,
774, 719, 685,
714, 748, 659,
816, 672, 727,
796, 830, 741,
823, 679, 734,
830, 775, 686,
843, 788, 699,
733, 822, 678,
712, 801, 746,
802, 747, 713,
768, 802, 713,
811, 756, 722,
722, 756, 667,
843, 699, 754,
789, 734, 700,
925, 836, 891,
788, 822, 733,
835, 780, 691,
844, 700, 755,
844, 789, 700,
844, 755, 810,
864, 809, 775,
775, 809, 720,
809, 843, 754,
788, 877, 822,
822, 767, 678,
776, 721, 687,
776, 687, 831,
831, 687, 742,
831, 742, 797,
708, 763, 797,
856, 801, 767,
767, 801, 712,
814, 759, 670,
704, 793, 738,
674, 818, 763,
835, 691, 746,
738, 827, 683,
844, 899, 933,
776, 810, 721,
814, 670, 725,
717, 806, 751,
780, 814, 725,
801, 835, 746,
674, 729, 818,
818, 729, 784,
729, 695, 784,
784, 695, 839,
848, 793, 759,
759, 793, 704,
839, 695, 750,
839, 750, 805,
793, 827, 738,
840, 785, 696,
696, 785, 730,
827, 772, 683,
730, 819, 675,
771, 682, 826,
771, 716, 682,
826, 737, 792,
826, 682, 737,
771, 805, 716,
772, 806, 717,
813, 669, 724,
813, 758, 669,
792, 737, 703,
840, 696, 751,
709, 798, 743,
743, 832, 688,
758, 792, 703,
785, 819, 730,
806, 840, 751,
819, 764, 675,
779, 724, 690,
915, 826, 881,
779, 690, 834,
690, 745, 834,
854, 799, 765,
922, 778, 833,
922, 867, 778,
778, 867, 812,
901, 846, 757,
791, 880, 825,
825, 914, 770,
770, 859, 804,
901, 757, 812,
804, 893, 838,
867, 901, 812,
766, 677, 821,
800, 745, 711,
786, 875, 820,
820, 909, 765,
930, 875, 786,
930, 786, 841,
930, 841, 896,
841, 807, 896,
875, 909, 820,
764, 798, 709,
909, 854, 765,
846, 880, 791,
854, 888, 799,
888, 922, 833,
807, 773, 862,
896, 807, 862,
880, 914, 825,
838, 927, 783,
783, 872, 817,
798, 832, 743,
824, 680, 735,
914, 859, 770,
817, 906, 762,
762, 851, 796,
862, 773, 917,
828, 883, 917,
794, 849, 883,
828, 794, 883,
832, 777, 688,
732, 698, 787,
821, 732, 787,
787, 698, 842,
859, 893, 804,
794, 760, 849,
760, 904, 849,
800, 834, 745,
760, 815, 904,
790, 701, 845,
824, 769, 680,
714, 803, 748,
782, 727, 693,
816, 761, 672,
842, 753, 808,
842, 698, 753,
893, 927, 838,
796, 885, 830,
927, 872, 783,
830, 919, 775,
904, 815, 870,
815, 781, 870,
845, 701, 756,
790, 824, 735,
766, 800, 711,
834, 889, 923,
816, 727, 782,
706, 795, 740,
829, 774, 685,
872, 906, 817,
781, 836, 925,
870, 781, 925,
906, 851, 762,
809, 898, 843,
782, 693, 837,
829, 685, 740,
837, 693, 748,
761, 795, 706,
836, 802, 891,
795, 829, 740,
769, 803, 714,
858, 803, 769,
808, 753, 719,
774, 808, 719,
811, 845, 756,
866, 811, 777,
777, 811, 722,
851, 885, 796,
803, 837, 748,
891, 802, 857,
802, 768, 857,
768, 912, 857,
885, 919, 830,
932, 877, 788,
768, 823, 912,
912, 823, 878,
823, 789, 878,
919, 864, 775,
822, 911, 767,
878, 789, 933,
864, 898, 809,
933, 789, 844,
844, 810, 899,
932, 788, 843,
801, 890, 835,
898, 932, 843,
877, 911, 822,
924, 869, 780,
780, 869, 814,
810, 776, 865,
899, 810, 865,
911, 856, 767,
814, 903, 759,
865, 776, 920,
776, 831, 920,
920, 831, 886,
831, 797, 886,
856, 890, 801,
797, 763, 852,
886, 797, 852,
763, 907, 852,
763, 818, 907,
924, 780, 835,
793, 882, 827,
827, 916, 772,
772, 861, 806,
890, 924, 835,
907, 818, 873,
818, 784, 873,
869, 903, 814,
903, 848, 759,
806, 895, 840,
784, 839, 928,
873, 784, 928,
928, 839, 894,
839, 805, 894,
848, 882, 793,
894, 805, 860,
805, 771, 860,
882, 916, 827,
840, 929, 785,
785, 874, 819,
771, 826, 915,
860, 771, 915,
916, 861, 772,
819, 908, 764,
764, 853, 798,
826, 792, 881,
792, 847, 881,
861, 895, 806,
758, 902, 847,
792, 758, 847,
758, 813, 902,
895, 929, 840,
798, 887, 832,
813, 779, 868,
902, 813, 868,
929, 874, 785,
832, 921, 777,
874, 908, 819,
868, 779, 923,
940, 939, 888,
888, 939, 922,
922, 938, 867,
867, 937, 901,
901, 936, 846,
846, 935, 880,
940, 888, 854,
940, 854, 941,
854, 909, 941,
939, 938, 922,
880, 1023, 914,
941, 909, 942,
909, 875, 942,
938, 937, 867,
914, 1022, 859,
875, 930, 943,
942, 875, 943,
937, 936, 901,
859, 1021, 893,
908, 853, 764,
811, 900, 845,
943, 930, 944,
930, 896, 944,
834, 800, 889,
923, 779, 834,
936, 935, 846,
893, 1020, 927,
896, 862, 945,
944, 896, 945,
935, 1023, 880,
927, 1019, 872,
945, 862, 946,
862, 917, 946,
1023, 1022, 914,
872, 1018, 906,
853, 887, 798,
917, 883, 947,
946, 917, 947,
1022, 1021, 859,
906, 1017, 851,
947, 883, 948,
883, 849, 948,
889, 800, 855,
800, 766, 855,
766, 910, 855,
1021, 1020, 893,
851, 1016, 885,
887, 921, 832,
934, 879, 790,
790, 879, 824,
849, 904, 949,
948, 849, 949,
1020, 1019, 927,
885, 1015, 919,
766, 821, 910,
949, 904, 950,
904, 870, 950,
910, 821, 876,
821, 787, 876,
787, 842, 931,
876, 787, 931,
1019, 1018, 872,
919, 1014, 864,
921, 866, 777,
824, 913, 769,
931, 842, 897,
842, 808, 897,
950, 870, 951,
870, 925, 951,
934, 790, 845,
803, 892, 837,
926, 871, 782,
1018, 1017, 906,
864, 1013, 898,
866, 900, 811,
925, 891, 952,
951, 925, 952,
879, 913, 824,
905, 761, 816,
913, 858, 769,
905, 850, 761,
761, 850, 795,
863, 808, 774,
863, 774, 918,
900, 934, 845,
1017, 1016, 851,
898, 1012, 932,
871, 816, 782,
795, 884, 829,
918, 774, 829,
863, 897, 808,
952, 891, 953,
891, 857, 953,
857, 954, 953,
926, 782, 837,
850, 884, 795,
871, 905, 816,
858, 892, 803,
884, 918, 829,
1016, 1015, 885,
892, 926, 837,
857, 912, 954,
1015, 1014, 919,
932, 1011, 877,
877, 1010, 911,
912, 878, 955,
954, 912, 955,
1014, 1013, 864,
911, 1009, 856,
955, 878, 956,
878, 933, 956,
1013, 1012, 898,
856, 1008, 890,
956, 933, 957,
933, 899, 957,
1012, 1011, 932,
890, 1007, 924,
899, 865, 958,
957, 899, 958,
1011, 1010, 877,
958, 865, 959,
865, 920, 959,
1010, 1009, 911,
924, 1006, 869,
869, 1005, 903,
959, 920, 960,
920, 886, 960,
1009, 1008, 856,
903, 1004, 848,
960, 886, 961,
886, 852, 961,
1008, 1007, 890,
848, 1003, 882,
852, 907, 962,
961, 852, 962,
1007, 1006, 924,
882, 1002, 916,
962, 907, 963,
907, 873, 963,
1006, 1005, 869,
916, 1001, 861,
963, 873, 964,
873, 928, 964,
1005, 1004, 903,
861, 1000, 895,
928, 894, 965,
964, 928, 965,
1004, 1003, 848,
895, 999, 929,
965, 894, 966,
894, 860, 966,
1003, 1002, 882,
929, 998, 874,
860, 915, 967,
966, 860, 967,
1002, 1001, 916,
874, 997, 908,
967, 915, 968,
915, 881, 968,
1001, 1000, 861,
908, 996, 853,
881, 847, 969,
968, 881, 969,
847, 970, 969,
1000, 999, 895,
853, 995, 887,
847, 902, 970,
999, 998, 929,
887, 994, 921,
902, 868, 971,
970, 902, 971,
998, 997, 874,
921, 993, 866,
971, 868, 972,
868, 923, 972,
997, 996, 908,
866, 992, 900,
972, 923, 973,
923, 889, 973,
996, 995, 853,
900, 991, 934,
889, 855, 974,
973, 889, 974,
995, 994, 887,
974, 855, 975,
855, 910, 975,
994, 993, 921,
934, 990, 879,
879, 989, 913,
975, 910, 976,
910, 876, 976,
993, 992, 866,
913, 988, 858,
876, 931, 977,
976, 876, 977,
992, 991, 900,
858, 987, 892,
977, 931, 978,
931, 897, 978,
991, 990, 934,
892, 986, 926,
978, 897, 979,
897, 863, 979,
990, 989, 879,
926, 985, 871,
979, 863, 980,
863, 918, 980,
989, 988, 913,
871, 984, 905,
918, 884, 981,
980, 918, 981,
988, 987, 858,
981, 884, 982,
884, 850, 982,
987, 986, 892,
982, 850, 983,
986, 985, 926,
983, 850, 905,
985, 984, 871,
984, 983, 905,
]