vertices = [
0.0039109801817730,
-0.0048264737903694,
-0.0160972458996084,
0.0180820596702526,
0.0014332050846599,
-0.0358760806373665,
0.0199367289370821,
0.0263562964850139,
-0.0345686426531645,
-0.0100378341317377,
0.0348608094924295,
-0.0188096018350499,
-0.0126726308667831,
0.0481827910382028,
-0.0285232447391160,
-0.0437471649897057,
0.0496711142945341,
0.0138818563207246,
-0.0482270304293650,
0.0247253569942908,
0.0271802839645168,
-0.0564950530380588,
0.0199113176965308,
0.0614398279175117,
-0.0601951402984568,
-0.0335245718849239,
0.0690309095126145,
-0.0147756668217357,
-0.0437031134259567,
0.0604792779757292,
-0.0078211165284085,
-0.0722627640278986,
0.0543741081476728,
0.0483148304489365,
-0.0735289640124140,
0.0008600234162962,
0.0591756308782411,
-0.0496484992496505,
-0.0097773391803124,
0.0816865675908933,
-0.0489286627724182,
-0.0683265850768633,
0.0825558330176703,
0.0180772361772937,
-0.0748611370362037,
0.0454864698248207,
0.0222970456449075,
-0.0895219869167494,
0.0458096900446631,
0.0824541117837229,
-0.0915848301357226,
-0.0300246011992840,
0.0904969617558940,
-0.0394008081533593,
-0.0408191948041386,
0.0926406193115848,
-0.0321292666731654,
-0.0958699935135054,
0.0886169552858272,
0.0494020555892241,
-0.0988085950193808,
0.0233816800846893,
0.0555695217608404,
-0.0838676971030614,
0.0171048793779966,
0.1008998218856471,
-0.0821229433952525,
-0.0643814748694385,
0.1053235012488122,
-0.0074417640995640,
-0.0749852723114196,
0.0818727179378448,
-0.0014371420192123,
-0.1125803965241675,
0.0784857753322255,
0.0822141633419745,
-0.1148265427769933,
-0.0072896205040586,
0.0905565262452450,
-0.0730927648146670,
-0.0169425713154044,
0.1175796894707942,
-0.0677316543140598,
-0.0996260404293263,
0.1177991020154966,
0.0284859582555606,
-0.1073602048891553,
0.0587453105939989,
0.0411003001935636,
-0.1181178550937565,
0.0501902372235977,
0.1161860114053837,
-0.1161964919221081,
-0.0524224018044349,
0.1221431279071585,
-0.0403271142910494,
-0.0611048464863887,
0.1158771779053572,
-0.0346744817718008,
-0.1273170015318031,
0.1124917104299471,
0.0704950797693065,
-0.1311835772757539,
0.0251830658585832,
0.0796813591425887,
-0.1072840161686243,
0.0146290076521884,
0.1342650377972529,
-0.1020542964293847,
-0.0910818929955566,
0.1374816020995123,
-0.0009968183989321,
-0.1056682844993274,
0.0927066293447432,
0.0150457485160047,
-0.1402215409470774,
0.0839111319616181,
0.1140509307448040,
-0.1397810141506734,
-0.0279245222034326,
0.1231878052361468,
-0.0744280300605971,
-0.0400399004793458,
0.1406934174373875,
-0.0663790664861141,
-0.1325911792830998,
0.1395525306213385,
0.0532428348803379,
-0.1405188715037555,
0.0559686647246620,
0.0676119739196437,
-0.1374917404272916,
0.0437005716900153,
0.1487274509648819,
-0.1331189559925984,
-0.0805780113494582,
0.1525081357308096,
-0.0299498871996205,
-0.0918067426839398,
0.1225094184018139,
-0.0154485236133585,
-0.1530402733390269,
0.1154981740603429,
0.1027372229738380,
-0.1549629755381447,
0.0025099906578255,
0.1129308953707489,
-0.1070463091336104,
-0.0109614555395025,
0.1563988628508578,
-0.0990192570739783,
-0.1247755086461256,
0.1581697998925438,
0.0255026968309083,
-0.1372387731310140,
0.0883615135722309,
0.0419693235236139,
-0.1583275118153639,
0.0762508755545622,
0.1461875299640310,
-0.1556327902916723,
-0.0568567251030311,
0.1540057745715508,
-0.0633499343336940,
-0.0717229636485833,
0.1515415468828810,
-0.0493246551897422,
-0.1617715406081023,
0.1464384978388793,
0.0862934093737816,
-0.1676054736829636,
0.0355924520390150,
0.1005956891401118,
-0.1403419405284176,
0.0200627361797372,
0.1714146470839007,
-0.1317672769401445,
-0.1132974815832603,
0.1742805366701196,
-0.0051517058662568,
-0.1256497887087414,
0.1222232514755994,
0.0102518063697042,
-0.1753688086837322,
0.1115719972952496,
0.1362699250999121,
-0.1748611658927171,
-0.0250082312895767,
0.1466718514422384,
-0.1003994104445833,
-0.0409793927073513,
0.1744216457106695,
-0.0881376848643824,
-0.1580545211392325,
0.1726710585334625,
0.0573469799116390,
-0.1684028220039634,
0.0742575383033969,
0.0751085920074097,
-0.1695740096595627,
0.0593034446616775,
0.1782332721698150,
-0.1647693196375637,
-0.0921517665933149,
0.1835263319021833,
-0.0431938459833107,
-0.1068779303324243,
0.1552893838184727,
-0.0255263679166630,
-0.1878803561377251,
0.1465061106429930,
0.1215692863815394,
-0.1908436131316344,
0.0094389668789743,
0.1348279437776010,
-0.1363214350388056,
-0.0082398408715294,
0.1923388104019926,
-0.1251222725975211,
-0.1483204252372995,
0.1931900988685176,
0.0251015919188810,
-0.1605152669214485,
0.1125687903549656,
0.0427918651925543,
-0.1916529749010161,
0.0995717841110446,
0.1695846040336533,
-0.1882985186574727,
-0.0579400637821646,
0.1784372674241534,
-0.0849968309882662,
-0.0748657300841676,
0.1839673041627309,
-0.0690167810850000,
-0.1872768958777994,
0.1782893055596287,
0.0918554337844260,
-0.1956594929201891,
0.0529735580090764,
0.1095494350196446,
-0.1724684909640533,
0.0326059698365406,
0.2005795044441845,
-0.1604904058939582,
-0.1268733076171271,
0.2043471912057828,
-0.0147951165244688,
-0.1416512801457258,
0.1498657692278539,
0.0038710812219381,
-0.2067249306341794,
0.1376989216159537,
0.1553374047906585,
-0.2068470969157152,
-0.0216046719883583,
0.1677279023335184,
-0.1247594903830979,
-0.0401155898619707,
0.2063264301740091,
-0.1107627956062187,
-0.1800464013689081,
0.2041711911260839,
0.0582297797668306,
-0.1910842426909019,
0.0956433423825196,
0.0768357679722742,
-0.2005716658061039,
0.0826646860277063,
0.1984924958871981,
-0.1956894552029410,
-0.0908207949316921,
0.2054935524836862,
-0.0652354631213590,
-0.1078394209745566,
0.1870390904248947,
-0.0469973084363805,
-0.2115408998495733,
0.1782960748986496,
0.1246559304385362,
-0.2168069346088358,
0.0281655551709129,
0.1420427639248559,
-0.1676395986142433,
0.0074513988922200,
0.2199719015590956,
-0.1550560952525052,
-0.1581433449061930,
0.2216585124538606,
0.0119550053476415,
-0.1722453358448840,
0.1415292150179448,
0.0317890895917349,
-0.2212674965716883,
0.1272198198873786,
0.1852690599497519,
-0.2192173256532497,
-0.0507760935352658,
0.1962180999331770,
-0.1111013152639085,
-0.0704829681421696,
0.2151374306403354,
-0.0939876458703345,
-0.2069329595097356,
0.2100608801351350,
0.0894736792510976,
-0.2166493458854069,
0.0767076537534606,
0.1086086036663552,
-0.2043423149368829,
0.0580916541683820,
0.2193903402070334,
-0.1922703936089316,
-0.1230546067231632,
0.2244939781819804,
-0.0389377150909483,
-0.1396381112205222,
0.1815629055390097,
-0.0194571575545098,
-0.2285166179558772,
0.1697368329701512,
0.1558969152029577,
-0.2308588184288797,
-0.0005900120882094,
0.1716190499170632,
-0.1561851475908622,
-0.0213474021842676,
0.2320975124680213,
-0.1421116137922703,
-0.1866984150083641,
0.2315706222336331,
0.0417456913815504,
-0.1996814364727557,
0.1263805142550578,
0.0621783381817906,
-0.2284461850689853,
0.1100466030307078,
0.2110319177977062,
-0.2243089188406605,
-0.0816958885704821,
0.2207759450854618,
-0.0915053506239303,
-0.1017341969103558,
0.2172746572885192,
-0.0721618819503092,
-0.2296208122327964,
0.2090895083415920,
0.1211743529867732,
-0.2369115777196246,
0.0520627380732607,
0.1401517573029697,
-0.1990635779352460,
0.0318147036042597,
0.2397496109808133,
-0.1865723991900487,
-0.1555965702646171,
0.2430628682273447,
-0.0110281709720856,
-0.1723247471354076,
0.1730258173948519,
0.0102366239298448,
-0.2443064353645689,
0.1583127675526958,
0.1877820953338872,
-0.2437651713040897,
-0.0314563263706511,
0.2020037301535448,
-0.1420198415198780,
-0.0537220879338139,
0.2415934158218397,
-0.1245801862725715,
-0.2152837402602395,
0.2382983475628181,
0.0748604322003170,
-0.2266294635781947,
0.1066029834076385,
0.0957915908768904,
-0.2328253823624714,
0.0864625597289305,
0.2351196728907131,
-0.2236250088440578,
-0.1158430405527862,
0.2427742972779378,
-0.0658491737327476,
-0.1353930225219921,
0.2133186144109188,
-0.0446047567941290,
-0.2488685849663651,
0.2019520714778973,
0.1542596445061242,
-0.2534649779516677,
0.0227950366606874,
0.1726552556169032,
-0.1888014525393879,
0.0013382735838039,
0.2556322956669301,
-0.1746995208079385,
-0.1882462334695899,
0.2565207444329308,
0.0207909494984069,
-0.2039674906918771,
0.1587228047736337,
0.0433939850417510,
-0.2550759828184486,
0.1412942149193274,
0.2184522978690429,
-0.2516254173935315,
-0.0654303005676132,
0.2303857923135104,
-0.1218305548567449,
-0.0881566320881405,
0.2462366091806966,
-0.1017879724775931,
-0.2417797846644257,
0.2392241763848701,
0.1099112356098232,
-0.2508307900623727,
0.0809169553250522,
0.1315115649301508,
-0.2304912685049023,
0.0590839954359194,
0.2558778482008429,
-0.2181832006722581,
-0.1499911822907466,
0.2612882449016294,
-0.0371165009412905,
-0.1688125684972963,
0.2047628922045883,
-0.0141007724890013,
-0.2647393495998934,
0.1901880431869395,
0.1867211523355302,
-0.2665112710115296,
-0.0091035250118374,
0.2037003703705365,
-0.1739240144111887,
-0.0327443217834023,
0.2654039240931922,
-0.1567748780479145,
-0.2191785270681279,
0.2642309358217029,
0.0560675173484846,
-0.2330866463925819,
0.1380666745199536,
0.0792871171535258,
-0.2597960789995454,
0.1171872694674692,
0.2450027610110087,
-0.2527731880784741,
-0.1022535522163916,
0.2555324768431287,
-0.0954930477255294,
-0.1248245862079989,
0.2438326189444660,
-0.0729973963451403,
-0.2645465163048893,
0.2333755981660742,
0.1467942215512553,
-0.2711874129529712,
0.0499983642491786,
0.1673590994254115,
-0.2207853911516605,
0.0272185338886556,
0.2745604682121693,
-0.2062694405280386,
-0.1852951929280943,
0.2775343648059208,
-0.0035798434699951,
-0.2032290271501643,
0.1906669527456797,
0.0209482667342606,
-0.2778052705848917,
0.1729379552659225,
0.2199948874935799,
-0.2760730671081550,
-0.0449364736263234,
0.2350943214124315,
-0.1537353713004203,
-0.0700388813070782,
0.2725491535919939,
-0.1334564923123874,
-0.2487081869188314,
0.2675928242777932,
0.0934494756391647,
-0.2599105015637492,
0.1118571013482580,
0.1171459022041170,
-0.2599706193322809,
0.0889168678060624,
0.2690857455517046,
-0.2492534930787063,
-0.1397502102248077,
0.2773850317788421,
-0.0664296572345932,
-0.1615864584379200,
0.2369148347479930,
-0.0416635013450281,
-0.2834108551580317,
0.2230733926987621,
0.1824442016897466,
-0.2871612858188425,
0.0168844666953003,
0.2024126594830606,
-0.2071449386193092,
-0.0081352445192146,
0.2884101328068016,
-0.1896480023081634,
-0.2195628580783931,
0.2875132463097503,
0.0329652150399108,
-0.2360535480424873,
0.1709045402906269,
0.0585749891416087,
-0.2848032607281030,
0.1496051313346984,
0.2515668880084923,
-0.2792667507543943,
-0.0839414636091675,
0.2626550753235503,
-0.1276423475539051,
-0.1087895400565583,
0.2722597336926514,
-0.1049604969632028,
-0.2741043903990132,
0.2628073833446055,
0.1324808159207861,
-0.2824428202173763,
0.0809997990564222,
0.1557352480501691,
-0.2517176564877574,
0.0569309791986198,
0.2882068615905201,
-0.2375690051911880,
-0.1772728138812589,
0.2933082933529217,
-0.0317359032460746,
-0.1977108169353995,
0.2222520989486149,
-0.0056054438536702,
-0.2962452949929436,
0.2049027788296277,
0.2168700057818337,
-0.2977587820715063,
-0.0201615769018641,
0.2346762147980208,
-0.1860012305513071,
-0.0466478102070384,
0.2943091219443287,
-0.1658641630586055,
-0.2511020160489059,
0.2932453804404326,
0.0722606292511312,
-0.2651313716262787,
0.1443903096224383,
0.0983060424784934,
-0.2871561087738315,
0.1210589628875818,
0.2770993280369698,
-0.2783313821960949,
-0.1238774677595437,
0.2880867489753245,
-0.0987379043639056,
-0.1482830805487129,
0.2673355359925901,
-0.0730856123617242,
-0.2971388500234187,
0.2550234728622843,
0.1717795761699936,
-0.3031011947744917,
0.0470839866516917,
0.1941201718345870,
-0.2394318376508361,
0.0211209840631095,
0.3055293044000250,
-0.2226798306957203,
-0.2143404206405542,
0.3082892078571304,
0.0064613741932608,
-0.2336624733721556,
0.2041238823744856,
0.0340238148899729,
-0.3074063434714862,
0.1828897006236479,
0.2513535644103457,
-0.3032291835077717,
-0.0617905526544310,
0.2670300601108341,
-0.1610969720463745,
-0.0888818048386860,
0.2987136422844658,
-0.1387483042665002,
-0.2809453110704018,
0.2904703408278123,
0.1148924694520354,
-0.2914411591562336,
0.1144114246681367,
0.1411781014397261,
-0.2813720358033233,
0.0894033385880140,
0.3004268242003876,
-0.2680788984784310,
-0.1656303242403996,
0.3077839871775631,
-0.0620165203710382,
-0.1889173905758288,
0.2536537282794670,
-0.0343837022901826,
-0.3133970937121143,
0.2372315284706765,
0.2109350912183802,
-0.3161613738984336,
0.0075995615654181,
0.2317823170244123,
-0.2192402580099719,
-0.0232347206582281,
0.3159686618500323,
-0.1991077512082365,
-0.2500095924140575,
0.3143521636320080,
0.0471676494006059,
-0.2670731433921670,
0.1776464562300776,
0.0752022423182889,
-0.3102843284192912,
0.1542695474312329,
0.2832188839099873,
-0.3033421649166775,
-0.1031565466827665,
0.2933564620384854,
-0.1316747514110790,
-0.1301988929566456,
0.2943446124863340,
-0.1057089834077671,
-0.3047875955510498,
0.2834737323930650,
0.1552243112525991,
-0.3117835364705706,
0.0803443211710126,
0.1808457265386141,
-0.2692239805929726,
0.0532870279866196,
0.3173681747179979,
-0.2539569985362622,
-0.2041217640319510,
0.3218889285427509,
-0.0236173797644003,
-0.2259325349246429,
0.2359438189106508,
0.0060142442576483,
-0.3238607595312906,
0.2156322832862937,
0.2462559089691273,
-0.3229255385325299,
-0.0379700612428083,
0.2645475657545254,
-0.1941101293861182,
-0.0641710086387637,
0.3190466678607434,
-0.1721707310175442,
-0.2814263766219711,
0.3140527348123606,
0.0951681309292141,
-0.2953827495893860,
0.1478364099797608,
0.1225579254875729,
-0.3060310180817036,
0.1219628176570760,
0.3076595703885285,
-0.2949862038125417,
-0.1504019931401248,
0.3176834412395830,
-0.0923518249371773,
-0.1758504540546845,
0.2819301974456435,
-0.0633121787822756,
-0.3261460001650799,
0.2665823613331177,
0.2006306685314209,
-0.3309810919796292,
0.0334423599178233,
0.2233279542486861,
-0.2496267896110597,
0.0034303523678575,
0.3300144501175346,
-0.2303668724178954,
-0.2445403368505712,
0.3326244254848187,
0.0245949752165385,
-0.2642257951274235,
0.2092172520855736,
0.0535459477270143,
-0.3302962401577981,
0.1861994217107108,
0.2821731918784550,
-0.3251930568488939,
-0.0831016195001198,
0.2979247453950437,
-0.1625671584265093,
-0.1131636999840963,
0.3183697772360419,
-0.1359414538766480,
-0.3117058230833167,
0.3087293328761254,
0.1392131520336429,
-0.3209301410525773,
0.1104069879934431,
0.1688029800655574,
-0.2964723659667439,
0.0821122465276172,
0.3289630035996902,
-0.2822179645783035,
-0.1933300477423672,
0.3350806996408401,
-0.0513982391292947,
-0.2178135162684893,
0.2651801758579950,
-0.0204838762161147,
-0.3386498706559028,
0.2459579071338694,
0.2407557759707528,
-0.3372134750130029,
-0.0123065667212090,
0.2619743118528288,
-0.2250294864253038,
-0.0421886361879820,
0.3382564326159157,
-0.2031713695543390,
-0.2801590370277257,
0.3318929221251582,
0.0718957099478088,
-0.2974349943040487,
0.1788261188990448,
0.1008706744169351,
-0.3262879258123100,
0.1524584386518501,
0.3136870539973309,
-0.3172659921373387,
-0.1307447237701775,
0.3218691302105315,
-0.1230442925367095,
-0.1582058538858854,
0.3063537191073787,
-0.0937985465472150,
-0.3324913814188207,
0.2921061546639795,
0.1849108857204167,
-0.3359597960460252,
0.0635787331792668,
0.2100380824282756,
-0.2772303080835202,
0.0332013013658644,
0.3385059875199138,
-0.2591730214807944,
-0.2340048485831328,
0.3442865844994645,
-0.0030821579232439,
-0.2560480509930144,
0.2387688285427757,
0.0286354166830314,
-0.3452991066058022,
0.2165390797659792,
0.2763723955755966,
-0.3427946319638104,
-0.0605332576761904,
0.2946135194848598,
-0.1927153849546702,
-0.0902591146530135,
0.3355893196551772,
-0.1664367686155337,
-0.3114015833609889,
0.3300998780955411,
0.1191868445590596,
-0.3237049327241787,
0.1408219204774471,
0.1498583122015500,
-0.3184339148296143,
0.1118907722382749,
0.3352021080017655,
-0.3072579512956335,
-0.1775351182417769,
0.3437163481498502,
-0.0808172431826573,
-0.2042258903012813,
0.2915991976092969,
-0.0495885427395539,
-0.3521360592876356,
0.2736438162388001,
0.2294294860948231,
-0.3551016690307540,
0.0154887215412572,
0.2527651178651908,
-0.2541743394270694,
-0.0157802502654716,
0.3528186719108686,
-0.2328141089065291,
-0.2739452408845474,
0.3514181738452070,
0.0478036062025230,
-0.2936387139989870,
0.2092885712708501,
0.0786580018209891,
-0.3463521605345067,
0.1831232416099142,
0.3116880172401740,
-0.3388268046400475,
-0.1095903392541585,
0.3254956294316548,
-0.1552582627181703,
-0.1396183947379910,
0.3308537472628172,
-0.1254452703775318,
-0.3393140217922714,
0.3175566569527902,
0.1678757380857573,
-0.3444069538869631,
0.0950729911241951,
0.1969057291441886,
-0.3054634718893203,
0.0646101557182607,
0.3511742440733426,
-0.2887043383698419,
-0.2227901513780198,
0.3561814391916621,
-0.0306982063468623,
-0.2474070774120468,
0.2688846504237717,
0.0040795843229684,
-0.3584801844891635,
0.2475359770967310,
0.2703234414274211,
-0.3583640291319594,
-0.0383776026284510,
0.2911370383208304,
-0.2240485549572306,
-0.0673550597287490,
0.3546601355009946,
-0.1983548402287688,
-0.3089838461715634,
0.3505960661582871,
0.0972678937214971,
-0.3259695660194804,
0.1722782092611296,
0.1283377863837565,
-0.3394204973926924,
0.1423585237119435,
0.3411174398627711,
-0.3309310023831074,
-0.1581857756309060,
0.3497177316374437,
-0.1122972497661767,
-0.1868954154135302,
0.3170023167212359,
-0.0793292403847672,
-0.3592966756927816,
0.3004431887301138,
0.2146524379007101,
-0.3610822832920553,
0.0465668187104451,
0.2399927508929613,
-0.2828139996415288,
0.0129345668466697,
0.3613138270476977,
-0.2629894839338670,
-0.2642570532856953,
0.3629049740738746,
0.0192232900777971,
-0.2862602974043947,
0.2401058257594000,
0.0529761029530836,
-0.3623875678691811,
0.2150667941342119,
0.3062253173902451,
-0.3592504327506530,
-0.0841367738077568,
0.3241556019841730,
-0.1879775576331024,
-0.1180071534340128,
0.3527764313912707,
-0.1585926576824629,
-0.3410575110455145,
0.3412583869032869,
0.1463263477176777,
-0.3497333177262144,
0.1292267820961204,
0.1791006380708804,
-0.3301872868792505,
0.0972550920025754,
0.3594673440651797,
-0.3159338429171821,
-0.2067302977327952,
0.3652868813282627,
-0.0605906705674072,
-0.2342760038470039,
0.2979112617039051,
-0.0255199499291965,
-0.3664926180655836,
0.2777423951320570,
0.2593589302617040,
-0.3660994148884856,
-0.0110178500388315,
0.2826685238811789,
-0.2555428506197255,
-0.0400032314787413,
0.3676715373197159,
-0.2306994897087725,
-0.3036436862174265,
0.3650130901330761,
0.0730396258507126,
-0.3228321677343127,
0.2045361716189605,
0.1048403992394469,
-0.3599369650487094,
0.1761977145145501,
0.3409589517646745,
-0.3526774990456461,
-0.1374042103433714,
0.3513404188967526,
-0.1457329319219701,
-0.1669475325182477,
0.3411580797645449,
-0.1107902975732525,
-0.3643663760835840,
0.3255444663493867,
0.1968695454304334,
-0.3662408568196168,
0.0777635904878613,
0.2246980151704455,
-0.3110959601326819,
0.0428769134501797,
0.3675574044970574,
-0.2923543166211326,
-0.2519965674044256,
0.3777555952739944,
-0.0116602037921672,
-0.2769003018443785,
0.2706643908235323,
0.0275750969223351,
-0.3817177256085211,
0.2467669991936084,
0.2994113376466830,
-0.3820987500442928,
-0.0612507764677539,
0.3198671556535769,
-0.2203993908411065,
-0.0939626719484389,
0.3678674810458695,
-0.1924255312795832,
-0.3367998175404687,
0.3640984196189959,
0.1227002002079377,
-0.3528654153636034,
0.1635700481697462,
0.1576674996539379,
-0.3501995889382191,
0.1294228409444164,
0.3678246021905782,
-0.3411925440347946,
-0.1866785660106312,
0.3736228185574373,
-0.0941549256820056,
-0.2168992236079056,
0.3242193972615212,
-0.0618636191516626,
-0.3844781089700229,
0.3060096458878499,
0.2447460914558371,
-0.3849265897667689,
0.0297371480647807,
0.2700037967148158,
-0.2861084476138500,
-0.0060275463946928,
0.3839089953285816,
-0.2626413423417984,
-0.2940924108941457,
0.3834642124222396,
0.0408575862118091,
-0.3158565528553337,
0.2377131353028136,
0.0800108470254538,
-0.3791738718131500,
0.2096059692992606,
0.3348062084395909,
-0.3694628506209030,
-0.1130251600769729,
0.3518143840912603,
-0.1805926205809390,
-0.1453633286270432,
0.3649317796961775,
-0.1454199546455141,
-0.3679996576978268,
0.3489796152396414,
0.1752933498047065,
-0.3714258882467479,
0.1118291992606507,
0.2072082409482574,
-0.3407916685966581,
0.0777423980246055,
0.3799887244223147,
-0.3220236083496533,
-0.2364212026740443,
0.3870170752072421,
-0.0390291964929262,
-0.2635511943867268,
0.3006920980865988,
-0.0024172817359497,
-0.3869250370324722,
0.2784764298254794,
0.2885655254780703,
-0.3876834300389411,
-0.0316629211943418,
0.3115674473936350,
-0.2532496582993193,
-0.0651993954013606,
0.3862957228402557,
-0.2260340907883186,
-0.3318449073972579,
0.3861465006298943,
0.0980989849172452,
-0.3514260908285096,
0.1971841587253160,
0.1325027114205698,
-0.3692508188937119,
0.1634245178413005,
0.3669277302491658,
-0.3647384054155439,
-0.1654919072185865,
0.3755990327758362,
-0.1316276058343922,
-0.1962731937857765,
0.3486585918212757,
-0.0928737477036021,
-0.3891586476635558,
0.3321969739494907,
0.2264114419136420,
-0.3890018425658351,
0.0610729017944910,
0.2543434480159172,
-0.3144814420458044,
0.0254345560797682,
0.3887670152650549,
-0.2934955336351051,
-0.2820329499305763,
0.3892571080609624,
0.0110992530132308,
-0.3064073601892817,
0.2691729713701637,
0.0562288838050461,
-0.3905202144342245,
0.2428984369465920,
0.3282970833913679,
-0.3895486415644369,
-0.0902637020332259,
0.3485693760664103,
-0.2137415283508559,
-0.1235436946681347,
0.3878737433188396,
-0.1846475263126162,
-0.3624829300133884,
0.3712749592958443,
0.1514752326302061,
-0.3749694699808824,
0.1477536496181321,
0.1874847967638194,
-0.3644716333844186,
0.1027413944464176,
0.3897098828696590,
-0.3482249995511997,
-0.2160855878727884,
0.3911340606077442,
-0.0715077625960734,
-0.2466248406629840,
0.3299374966012212,
-0.0339680047015922,
-0.3897949410842773,
0.3092918679826844,
0.2748030401717282,
-0.3883356087461248,
0.0010373751810128,
0.2995402675765396,
-0.2856579594546027,
-0.0339918604172505,
0.3914453626418262,
-0.2597291551024375,
-0.3229705412060391,
0.3909437936447271,
0.0680693742783369,
-0.3432444666159582,
0.2318157374931682,
0.1041095513183285,
-0.3904983310382806,
0.2027260634295187,
0.3616196663827674,
-0.3850126825743062,
-0.1424970201505888,
0.3759634432712773,
-0.1677309580447701,
-0.1744362814782079,
0.3726156744299517,
-0.1242769760388184,
-0.3920066290480620,
0.3560259569954707,
0.2052723136112978,
-0.3922604525860473,
0.0938040463187792,
0.2351690326900202,
-0.3413267932242969,
0.0565261305287466,
0.3912093091515411,
-0.3230996021457057,
-0.2654591025201375,
-0.2928973155674506,
0.3007411355647648,
0.2767049280578033,
0.3174974383728935,
0.3395001273058459,
-0.2486315276235533,
-0.0947665306020991,
0.3937305575673593,
-0.2196127854081246,
-0.3589599532517671,
0.3938045999544079,
0.1278623875476466,
-0.3778469205370880,
0.1856239416237274,
0.1620608013065948,
-0.3784456231424573,
0.1578740397075609,
0.3951727102191618,
-0.3732422661320752,
-0.1936497865335758,
0.3951602586247804,
-0.1123309358142791,
-0.2259113816368085,
0.3554322074638980,
0.3368806936946291,
0.2566025559775983,
0.2853265406567498,
-0.3165570619341773,
-0.2920042482075131,
-0.3117210688574360,
-0.3356180694602937,
0.2664946781113672,
0.2361550375421078,
0.3564270084858961,
-0.3966556430325108,
-0.1195967612814322,
0.3769469424738375,
-0.2044151669372296,
-0.1532428216346724,
0.3959873944198590,
-0.1732961815709400,
-0.3835055723910288,
0.3776911993606074,
0.1816450651360566,
-0.3955407280889225,
0.1280921762655198,
0.2164841065541271,
-0.3750005565306531,
-0.3544688330757848,
-0.2458668163722667,
-0.2758477815816535,
0.3309027172475764,
0.3085975991238954,
0.3036260330802629,
0.3278571688400799,
-0.2824207721273376,
-0.2542869262398054,
-0.3502919321141260,
-0.3691609872374021,
0.2242392644789732,
0.1323524862488721,
-0.3957160887901997,
0.1907395569683932,
0.3833259377240406,
-0.3971316204221737,
-0.1671197408430616,
0.3985026248493763,
-0.1504595588680565,
-0.2039993406759119,
0.3790445007605678,
0.3615867963953065,
0.2357648739037923,
0.2669631753882565,
-0.3431594492680694,
-0.3236390722989812,
-0.2955343769108440,
-0.3215689158637959,
0.2986242197888785,
0.2711602673617518,
0.3445952734191255,
0.3653337478605512,
-0.2410126345109993,
-0.2095406281151153,
-0.3844301560565333,
0.3988144239810417,
0.1584544032932761,
-0.3987909980044825,
0.1621074339102951,
0.1908535182988671,
-0.3980341462618071,
0.1301266108570553,
0.3955350193076432,
-0.3795712502163687,
-0.2234818453064105,
-0.2558204301658230,
0.3606745843546265,
0.3403969534130506,
0.2869374045358030,
0.3146568005384864,
-0.3151706293429083,
-0.2890806655438981,
-0.3410251743245336,
-0.3629531059184051,
0.2586068719040062,
0.2278872716076163,
0.3835243095477192,
0.4010981013201974,
-0.1839040546715009,
-0.1833397552592550,
0.4020376598155788,
-0.1532629000802604,
-0.3994159088601428,
0.3838946700974218,
0.2120068669304130,
0.2452562179522657,
-0.3662637706563896,
-0.3517182570369141,
-0.2747775719997941,
-0.3051317058203228,
0.3306858253656209,
0.3069343864064820,
0.3321871639550847,
0.3549576434760050,
-0.2778966613850808,
-0.2469869969385094,
-0.3767041075498393,
-0.3927222903358137,
0.2154867847762371,
0.1609697331616213,
-0.4026594679783776,
0.1836194455722802,
0.4066778844963780,
-0.4027694375995321,
-0.1965844591887497,
-0.2347606651276818,
0.3848967702760239,
0.3662257288643583,
0.2669705493133637,
0.2979451858371330,
-0.3471497841062179,
-0.3208981443071653,
-0.3249175067703500,
-0.3498609531913268,
0.2960347951291351,
0.2645660417199336,
0.3702332311521225,
0.3901028747226574,
-0.2355804603750841,
-0.1874126352190595,
-0.4050431170146443,
0.4046509066839796,
0.1888281399957888,
0.2197017337407783,
-0.4069936643208424,
-0.3861188823949366,
-0.2544673511740987,
-0.2847228672194254,
0.3603832427853853,
0.3379862548435311,
0.3155561353853869,
0.3438654760370741,
-0.3116330999752727,
-0.2810435909073623,
-0.3683182654956431,
-0.3903584881523133,
0.2499885808841056,
0.2119099064149101,
0.4068657005469503,
-0.2129513863728744,
0.4074731171748096,
0.3891346412474879,
0.2424814552431363,
0.2753216795341404,
-0.3715170024383717,
-0.3531378707079012,
-0.3061611298859357,
-0.3341471881196322,
0.3278407954763359,
0.2995579945329710,
0.3580838754601899,
0.3798285905181689,
-0.2699063871764736,
-0.2380691308431888,
-0.4004056328912134,
-0.4063942288948170,
0.1926611955087024,
-0.4088065835432688,
-0.2271573012812673,
-0.2658474345556849,
0.3903725493306991,
0.3711146669709222,
0.2982056331621739,
0.3273542599580553,
-0.3431682261417062,
-0.3186876821431828,
-0.3548327309578202,
-0.3747895565798774,
0.2863613732796339,
0.2577592239583619,
0.3944897374732055,
0.4075417468638006,
-0.2130709663468432,
0.4103590713273064,
0.2189803162233808,
0.2468910364774493,
-0.3921740850804172,
-0.3770852711627588,
-0.2845556401347192,
-0.3142529446867450,
0.3592035565915027,
0.3362009247411330,
0.3451230426488980,
0.3722221443167600,
-0.3041728433763807,
-0.2732328217867049,
-0.3957630195623251,
-0.4141633157539910,
0.2309482646296287,
-0.2418732093104273,
0.4130466080385848,
0.3943747935735040,
0.2724430280084202,
0.3062548283108900,
-0.3771175255721093,
-0.3484992310536621,
-0.3351538886315823,
-0.3630415281505161,
0.3246171812291982,
0.2931647632841974,
0.3834065319883263,
0.4038939719283962,
-0.2633591979960834,
-0.2155980138268843,
-0.4120139343098227,
-0.4171946830571417,
-0.2573740688413091,
-0.2970899290631159,
0.3862536330975140,
0.3643478175159879,
0.3277553873325830,
0.3576950947796457,
-0.3393851296226598,
-0.3082731582688660,
-0.3804820012869275,
-0.3999427104763622,
0.2803653277832932,
0.2390181233656407,
0.4140669562426780,
0.4164027265901952,
0.2480676158468842,
0.2777183296321811,
-0.3986227894200073,
-0.3823217195945239,
-0.3149007121724464,
-0.3425728250601335,
0.3559897103423899,
0.3278783706725032,
0.3702487853286576,
0.4000748317296370,
-0.2947922239009430,
-0.2541155775154725,
-0.4190384128391092,
-0.2683888416461374,
0.4222552102224047,
0.4016039523265501,
0.3015038787622563,
0.3356793547995942,
-0.3696518716398394,
-0.3477849521172915,
-0.3652496858926680,
-0.3879007191988413,
0.3125742768523500,
0.2845612677464949,
0.4065111752418575,
0.4180295328688399,
-0.2420325244690790,
0.2503622655407374,
-0.4180624226922612,
-0.4031757969840793,
-0.2844820924805231,
-0.3261040531344134,
0.3857956997335957,
0.3650669933462043,
0.3553379580780333,
0.3852240780734996,
-0.3296600069330934,
-0.3018948523467358,
-0.4058663470106260,
-0.4193498260803404,
0.2610169119311186,
0.4222799347024362,
0.2761540485704052,
0.3077250734064179,
-0.4065184354984913,
-0.3742724104119419,
-0.3442561848448329,
-0.3702064064184551,
0.3540251550857486,
0.3210071015980730,
0.3941224407932157,
0.4251031621252560,
-0.2760627568349361,
-0.2902620357734962,
0.4108017838386149,
0.3907435403963080,
0.3275516938650555,
0.3630559449466713,
-0.3681918124569262,
-0.3354076274238343,
-0.3908175395561507,
-0.4122554773775928,
0.3074724977204442,
0.2658139483008313,
0.4234910542825362,
0.2808685853141278,
-0.4252721308572670,
-0.4114748171424403,
-0.3144658383954250,
-0.3542619402122292,
0.3825943613652395,
0.3562096524800532,
0.3793090464898263,
0.4110683761330723,
-0.3210286828696187,
-0.2820203206807285,
-0.4251745377755258,
0.4296535965478829,
0.3027968301076017,
0.3354237892015794,
-0.3959293921183347,
-0.3771905106871673,
-0.3716312612947124,
-0.3935185803495342,
0.3407129052495643,
0.3105326391975374,
0.4154820397509754,
-0.4293938504862068,
-0.2900251677005393,
-0.3190037999434638,
0.4133235834004156,
0.3938330265442063,
0.3561575385158589,
0.3888792212698833,
-0.3577695012420614,
-0.3276439359760560,
-0.4164121392990551,
-0.4292504382814818,
0.2887689329315192,
0.3099401619534657,
-0.4333259046604404,
-0.4000161658866812,
-0.3422068217775018,
-0.3799039422100461,
0.3808172126698560,
0.3478168771874962,
0.4018690292860096,
0.4312345726155956,
-0.3030023248984726,
-0.3014770774450148,
0.4343564490497717,
0.4170088986885089,
0.3322990096119492,
0.3643500969909169,
-0.3961887017180801,
-0.3634774710081602,
-0.3958968499550989,
-0.4183847024491195,
0.3339817883082448,
0.2932782178448879,
0.4328169772961596,
-0.4383412604269036,
-0.3216083882477354,
-0.3462256606673065,
0.4085585887709909,
0.3842961028210733,
0.3825504084388973,
0.4152572819638083,
-0.3471851682849922,
-0.3095674915580795,
-0.4356118139220723,
0.3388304151951810,
-0.4215978843490327,
-0.4047130021090862,
-0.3719264527749572,
-0.4021999236346969,
0.3676263381113444,
0.3368685138290262,
0.4227935699553717,
-0.3323318501586031,
0.4399008416784396,
0.4205702557087084,
0.3621188668834869,
0.3912253902940643,
-0.3857934266535525,
-0.3539098970264535,
-0.4213972333985558,
-0.4384428659722537,
0.3171806696844542,
-0.4245297695767009,
-0.3462657859208182,
-0.3777746563396162,
0.4081632965309372,
0.3744395737310369,
0.4071364891118476,
0.4402142394579430,
-0.3308594773610271,
0.4419733315326255,
0.3264915608722417,
0.3682031915033535,
-0.4217486695085871,
-0.3912219626946177,
-0.3995504744911083,
-0.4260464147962918,
0.3588334487196987,
0.3206232426573335,
0.4411654552194005,
-0.3584621881948528,
0.4295712083870001,
0.4107613050893101,
0.3874502568600450,
0.4172903393553050,
-0.3738699814150219,
-0.3383002628261456,
-0.4437202690928490,
0.3360593596018626,
-0.4463681090373897,
-0.4318575845509120,
-0.3752435869449265,
-0.4052015388878746,
0.3956770495452356,
0.3632136071965428,
0.4298075603048319,
0.4442913536088661,
0.3521219902674356,
0.3935488272633754,
-0.4134766690675626,
-0.3791996968907267,
-0.4260753935982839,
-0.4466544961641208,
0.3434766242982383,
-0.4494772474146999,
-0.3517003852017105,
-0.3849625967461113,
0.4361608505596901,
0.4002630988016996,
0.4127470909359675,
0.4433373487727487,
-0.3574880896687228,
0.3615943466101291,
-0.4454154679595153,
-0.4178412032718999,
-0.4008709762943458,
-0.4307094598700146,
0.3840382904700336,
0.3467292193675761,
0.4488471685354958,
-0.3612428435501718,
0.4539803649443083,
0.4374662578999135,
0.3889372950870307,
0.4180836191704051,
-0.4019352371100541,
-0.3646550390739245,
-0.4517425235313567,
-0.4589577281016970,
-0.3795299577426192,
-0.4080595561183362,
0.4214027133873162,
0.3882465544150732,
0.4366056148093896,
0.4573158955178053,
0.3726603703550259,
0.3950141077444569,
-0.4407337390217480,
-0.4051230677843247,
-0.4276791879817819,
-0.4541907080031126,
0.3691934837016599,
-0.3886595126443115,
0.4631351698622485,
0.4256758039477551,
0.4156155359209839,
0.4408909154175206,
-0.3883408331540754,
0.3792297133942846,
-0.4611027031432609,
-0.4444937781451259,
-0.4030418368047659,
-0.4335500335344800,
0.4089515391729210,
0.3719961539015674,
0.4571544156350681,
0.4650001343254789,
0.3970984281982778,
0.4206131278693673,
-0.4286766540950742,
-0.3896717793075037,
-0.4539927398083430,
-0.4112913345371362,
0.4479909438485091,
0.4129183723077441,
0.4418451760781224,
0.4608646180992699,
-0.3749116324442598,
0.4037832879617174,
-0.4684453171926776,
-0.4317506146542769,
-0.4279543841826690,
-0.4596097193396825,
0.3938417407187898,
0.4502671475751788,
0.4187307180437862,
0.4448101362251401,
-0.4150012664412977,
-0.4710307739480903,
-0.4064809729125095,
-0.4344140503855390,
0.4354964137489055,
0.3968356063593050,
0.4651426451859380,
0.4247845452691453,
-0.4540481268712309,
-0.4187443317024254,
-0.4519789533119256,
-0.4139999826505415,
0.4736805178109945,
0.4373031436280476,
0.4443960104411054,
0.4676395146201844,
-0.4000222448542939,
-0.4571996447862743,
-0.4297882141234650,
-0.4565320919957527,
0.4225507586256525,
0.4771036668075633,
0.4209752281687416,
0.4485250160273221,
-0.4404785037721167,
-0.4047188188164894,
-0.4727711516510569,
-0.4382199951141079,
0.4606280566147434,
0.4213094610191068,
0.4703731254441642,
0.4280414214998245,
-0.4808515311807589,
-0.4439031988274003,
-0.4548643385726182,
-0.4766263004827131,
0.4116235228734356,
0.4630278683034078,
0.4434201546718751,
0.4718004125348675,
-0.4239788720982381,
-0.4830045485049919,
-0.4323663760271425,
-0.4611863397537826,
0.4476196980580897,
0.4498922873237711,
-0.4671215819853012,
-0.4284209041934696,
-0.4798805322958835,
-0.4374605438463657,
0.4846299885728732,
0.4502745917240609,
0.4677831994635993,
-0.4688719953326913,
-0.4546386770800754,
-0.4833499904467843,
0.4345199155850942,
0.4889898375092710,
0.4453358181409933,
0.4709576962328615,
-0.4537760691802243,
-0.4643549623499318,
0.4717553896003497,
0.4382002851845187,
0.4877421264416246,
0.4525875710134500,
-0.4919338485527009,
-0.4496847154218827,
-0.4796860071641649,
0.4743280383815378,
0.4669956493783540,
0.4886322593683246,
-0.4381728512823178,
-0.4944451710192463,
-0.4571235205284316,
-0.4884190133169500,
0.4567728054779686,
0.4761437782616077,
-0.4791813735504699,
-0.4581823186873600,
0.4950347794874534,
0.4610322315764315,
0.4949212621108912,
-0.4720435181503917,
-0.4780182192519347,
0.5008627686658880,
0.4682989020080244,
0.4957675100636703,
-0.4595401810307717,
-0.4859709961159689,
0.4838031499728613,
0.4739574172785525,
-0.5045928012610700,
-0.4587816743530568,
-0.4995777789650628,
0.4824762732351045,
0.4872342511489155,
-0.4915484266019862,
-0.4815835003697146,
-0.5049929008987100,
0.4721446184369302,
0.5024539488439577,
-0.4778769844738254,
-0.4769396808659200,
0.5044499038548383,
-0.4798903153250315,
-0.5034861305794412,
0.5025529154203047,
0.4915589615041943,
-0.5115585599270325,
-0.4792665019245150,
-0.5170839662062657,
0.4909878412690998,
0.4960887836691769,
-0.4984465367810718,
-0.4906867714759234,
0.5189008139298917,
0.4822401031881645,
0.5099081749173295,
-0.5031537248818321,
-0.5014416194276020,
0.5197710605683810,
0.4960088611738781,
0.5182882904639619,
-0.4913291675365273,
-0.5022543811081294,
0.5023324465214924,
0.4958159219602508,
-0.5190902636248959,
-0.4935242773023423,
-0.5198576460293386,
0.5036717669320954,
0.5171969933386056,
-0.5224080604899241,
-0.5020588331201585,
0.5190467124900234,
-0.5097927534848495,
-0.5094191844676096,
0.5241476702089785,
-0.5130418900763246,
-0.5247201994447959,
0.5274371498541524,
0.5138884985241753,
-0.5267656038017142,
0.5118471071899801,
0.5149433392748768,
-0.5302744556152614,
0.5188104505322781,
0.5329497806172687,
-0.5331136713181227,
-0.5196311943774417,
0.5347569369463602,
-0.5218518936177262,
-0.5236877765840690,
0.5359828679059364,
-0.5271135973370414,
-0.5399053617518006,
0.5395510670562154,
0.5289747614772053,
0.5316477653982304,
-0.5424020581543407,
-0.5452257206712132,
-0.5360272620064352,
-0.5405573940957858,
0.5284394713544837,
0.5356977831562088,
0.5473337548781999,
0.5483337647270574,
-0.5369477400706187,
-0.5386693160605844,
0.5488063001904944,
-0.5448257368872841,
-0.5546485176903873,
0.5518051078220744,
0.5439281620101517,
-0.5531851895754819,
0.5440231798879951,
0.5494749528882089,
-0.5534686906116530,
-0.5585569910702399,
-0.5510945592473686,
-0.5577526077197341,
0.5595832464609574,
0.5574324429635650,
0.5590044248172902,
0.5631311965399076,
-0.5622065620625315,
-0.5658551919883588,
-0.5666237944223993,
-0.5702127136696499,
0.5699293484751635,
0.5702901128297310,
0.5701424378255014,
0.5739789140593718,
-0.5738921326445763,
-0.5794910044221784,
-0.5794780191771319,
-0.5818281527653396,
0.5818687267210729,
0.5819298488027291,
0.5819275029969888,
0.5846269693676546,
-0.5846432421253310,
0.5948258269009956,
0.5948258335098187,
0.5955798145632422,
-0.5955374079315138,
-0.6011066516150341,
-0.6011066516151772,
-0.6146698788149075,
0.6146484013853910,
0.6146711628800232,
0.6146711628800229,
-0.6209514678382035,
-0.6209514678382040,
0.6400364681314461,
-0.6400364681314461,
0.6400364681314461,
0.6400364681314461,
-0.6400364681314461,
0.6400364681314461,
-0.6400364681314461,
-0.6400364681314461,
0.6355545199973057,
-0.6345265540073199,
-0.6345265540073199,
0.6355545199973057,
-0.6355545199973057,
-0.6345265540073199,
-0.6345265540073199,
-0.6355545199973057,
0.6309219605766345,
-0.6287471667421696,
-0.6287471667421696,
0.6309219605766345,
-0.6309219605766345,
-0.6287471667421696,
-0.6287471667421696,
-0.6309219605766345,
0.6259894451593765,
-0.6224966978825159,
-0.6224966978825159,
0.6259894451593765,
-0.6259894451593765,
-0.6224966978825159,
-0.6224966978825159,
-0.6259894451593765,
0.6207269557633863,
-0.6157145680355199,
-0.6157145680355199,
0.6207269557633863,
-0.6207269557633863,
-0.6157145680355199,
-0.6157145680355199,
-0.6207269557633863,
0.6152397732524117,
-0.6085139080777836,
-0.6085139080777837,
0.6152397732524119,
-0.6152397732524117,
-0.6085139080777836,
-0.6085139080777837,
-0.6152397732524119,
0.6094074804502275,
-0.6007108116650027,
-0.6007108116650027,
0.6094074804502275,
-0.6094074804502275,
-0.6007108116650027,
-0.6007108116650027,
-0.6094074804502275,
0.6033486110749454,
-0.5924349511086274,
-0.5924349511086274,
0.6033486110749454,
-0.6033486110749454,
-0.5924349511086274,
-0.5924349511086274,
-0.6033486110749454,
0.5969062333521912,
-0.5834374956766772,
-0.5834374956766772,
0.5969062333521912,
-0.5969062333521912,
-0.5834374956766772,
-0.5834374956766772,
-0.5969062333521912,
0.5902215999541978,
-0.5738761738042993,
-0.5738761738042993,
0.5902215999541978,
-0.5902215999541978,
-0.5738761738042993,
-0.5738761738042993,
-0.5902215999541978,
0.5832693287090663,
-0.5636759449923348,
-0.5636759449923348,
0.5832693287090663,
-0.5832693287090663,
-0.5636759449923348,
-0.5636759449923348,
-0.5832693287090663,
0.5759297510586751,
-0.5526083344104091,
-0.5526083344104090,
0.5759297510586749,
-0.5759297510586751,
-0.5526083344104091,
-0.5526083344104090,
-0.5759297510586749,
0.5683705145709235,
-0.5408687451766462,
-0.5408687451766462,
0.5683705145709235,
-0.5683705145709235,
-0.5408687451766462,
-0.5408687451766462,
-0.5683705145709235,
0.5605745667985134,
-0.5283751889633143,
-0.5283751889633143,
0.5605745667985134,
-0.5605745667985134,
-0.5283751889633143,
-0.5283751889633143,
-0.5605745667985134,
0.5524677957840838,
-0.5149370385998694,
-0.5149370385998694,
0.5524677957840838,
-0.5524677957840838,
-0.5149370385998694,
-0.5149370385998694,
-0.5524677957840838,
0.5441899254550592,
-0.5007079297679828,
-0.5007079297679828,
0.5441899254550592,
-0.5441899254550592,
-0.5007079297679828,
-0.5007079297679828,
-0.5441899254550592,
0.5356833687091909,
-0.4855045661234057,
-0.4855045661234057,
0.5356833687091909,
-0.5356833687091909,
-0.4855045661234057,
-0.4855045661234057,
-0.5356833687091909,
0.5270374178051541,
-0.4693899649109716,
-0.4693899649109716,
0.5270374178051541,
-0.5270374178051541,
-0.4693899649109716,
-0.4693899649109716,
-0.5270374178051541,
0.5182586471980436,
-0.4522718644236214,
-0.4522718644236214,
0.5182586471980437,
-0.5182586471980436,
-0.4522718644236214,
-0.4522718644236214,
-0.5182586471980437,
0.5093874404714362,
-0.4341083250428058,
-0.4341083250428058,
0.5093874404714362,
-0.5093874404714362,
-0.4341083250428058,
-0.4341083250428058,
-0.5093874404714362,
0.5005070545458723,
-0.4149408833108066,
-0.4149408833108066,
0.5005070545458723,
-0.5005070545458723,
-0.4149408833108066,
-0.4149408833108066,
-0.5005070545458723,
0.4916680706780469,
-0.3947417980946055,
-0.3947417980946055,
0.4916680706780469,
-0.4916680706780469,
-0.3947417980946055,
-0.3947417980946055,
-0.4916680706780469,
0.4829233675349399,
-0.3734794800428470,
-0.3734794800428470,
0.4829233675349399,
-0.4829233675349399,
-0.3734794800428470,
-0.3734794800428470,
-0.4829233675349399,
0.4743308571114605,
-0.3511240041777601,
-0.3511240041777601,
0.4743308571114605,
-0.4743308571114605,
-0.3511240041777601,
-0.3511240041777601,
-0.4743308571114605,
0.4659883183948658,
-0.3277486588610610,
-0.3277486588610610,
0.4659883183948658,
-0.4659883183948658,
-0.3277486588610610,
-0.3277486588610610,
-0.4659883183948658,
0.4579603320288027,
-0.3033433838014280,
-0.3033433838014280,
0.4579603320288027,
-0.4579603320288027,
-0.3033433838014280,
-0.3033433838014280,
-0.4579603320288027,
0.4503226671334399,
-0.2779288220309816,
-0.2779288220309816,
0.4503226671334399,
-0.4503226671334399,
-0.2779288220309816,
-0.2779288220309816,
-0.4503226671334399,
0.4431623145237876,
-0.2515728732761706,
-0.2515728732761706,
0.4431623145237876,
-0.4431623145237876,
-0.2515728732761706,
-0.2515728732761706,
-0.4431623145237876,
0.4365560164445147,
-0.2243263161291247,
-0.2243263161291247,
0.4365560164445147,
-0.4365560164445147,
-0.2243263161291247,
-0.2243263161291247,
-0.4365560164445147,
0.4305738608286558,
-0.1962279819520335,
-0.1962279819520335,
0.4305738608286558,
-0.4305738608286558,
-0.1962279819520335,
-0.1962279819520335,
-0.4305738608286558,
0.4252954821286871,
-0.1673897156243244,
-0.1673897156243244,
0.4252954821286871,
-0.4252954821286871,
-0.1673897156243244,
-0.1673897156243244,
-0.4252954821286871,
0.4207851378074510,
-0.1378943460205132,
-0.1378943460205132,
0.4207851378074510,
-0.4207851378074510,
-0.1378943460205132,
-0.1378943460205132,
-0.4207851378074510,
0.4171007165064289,
-0.1078381513942524,
-0.1078381513942524,
0.4171007165064289,
-0.4171007165064289,
-0.1078381513942524,
-0.1078381513942524,
-0.4171007165064289,
0.4142937882701121,
-0.0773568566126651,
-0.0773568566126651,
0.4142937882701121,
-0.4142937882701121,
-0.0773568566126651,
-0.0773568566126651,
-0.4142937882701121,
0.4124001453788778,
-0.0465499399591182,
-0.0465499399591182,
0.4124001453788778,
-0.4124001453788778,
-0.0465499399591182,
-0.0465499399591182,
-0.4124001453788778,
0.4114462159181275,
-0.0155325169885802,
-0.0155325169885802,
0.4114462159181275,
-0.4114462159181275,
-0.0155325169885802,
-0.0155325169885802,
-0.4114462159181275,
0.4114462062744932,
0.0155318900266141,
0.0155318900266141,
0.4114462062744932,
-0.4114462062744932,
0.0155318900266141,
0.0155318900266141,
-0.4114462062744932,
0.4123999734822189,
0.0465462144228239,
0.0465462144228239,
0.4123999734822189,
-0.4123999734822189,
0.0465462144228239,
0.0465462144228239,
-0.4123999734822189,
0.4142938698550085,
0.0773579185895626,
0.0773579185895626,
0.4142938698550085,
-0.4142938698550085,
0.0773579185895626,
0.0773579185895626,
-0.4142938698550085,
0.4171021881863101,
0.1078518541466848,
0.1078518541466848,
0.4171021881863101,
-0.4171021881863101,
0.1078518541466848,
0.1078518541466848,
-0.4171021881863101,
0.4207859650685522,
0.1379003478666947,
0.1379003478666947,
0.4207859650685522,
-0.4207859650685522,
0.1379003478666947,
0.1379003478666947,
-0.4207859650685522,
0.4252965812665692,
0.1673962552167021,
0.1673962552167021,
0.4252965812665692,
-0.4252965812665692,
0.1673962552167021,
0.1673962552167021,
-0.4252965812665692,
0.4305744020950191,
0.1962307145461859,
0.1962307145461859,
0.4305744020950191,
-0.4305744020950191,
0.1962307145461859,
0.1962307145461859,
-0.4305744020950191,
0.4365545511094432,
0.2243198839074227,
0.2243198839074227,
0.4365545511094432,
-0.4365545511094432,
0.2243198839074227,
0.2243198839074227,
-0.4365545511094432,
0.4431631475222145,
0.2515761118336482,
0.2515761118336482,
0.4431631475222145,
-0.4431631475222145,
0.2515761118336482,
0.2515761118336482,
-0.4431631475222145,
0.4503258221862575,
0.2779398436871498,
0.2779398436871498,
0.4503258221862575,
-0.4503258221862575,
0.2779398436871498,
0.2779398436871498,
-0.4503258221862575,
0.4579612202091777,
0.3033462042468570,
0.3033462042468570,
0.4579612202091777,
-0.4579612202091777,
0.3033462042468570,
0.3033462042468570,
-0.4579612202091777,
0.4659901594435012,
0.3277540247176819,
0.3277540247176819,
0.4659901594435012,
-0.4659901594435012,
0.3277540247176819,
0.3277540247176819,
-0.4659901594435012,
0.4743349262699509,
0.3511349776879598,
0.3511349776879598,
0.4743349262699509,
-0.4743349262699509,
0.3511349776879598,
0.3511349776879598,
-0.4743349262699509,
0.4829179934708372,
0.3734659781234846,
0.3734659781234846,
0.4829179934708372,
-0.4829179934708372,
0.3734659781234846,
0.3734659781234846,
-0.4829179934708372,
0.4916649814494090,
0.3947345232189560,
0.3947345232189560,
0.4916649814494090,
-0.4916649814494090,
0.3947345232189560,
0.3947345232189560,
-0.4916649814494090,
0.5005118422312177,
0.4149515068026621,
0.4149515068026621,
0.5005118422312176,
-0.5005118422312177,
0.4149515068026621,
0.4149515068026621,
-0.5005118422312176,
0.5093920034470877,
0.4341179095482406,
0.4341179095482406,
0.5093920034470877,
-0.5093920034470877,
0.4341179095482406,
0.4341179095482406,
-0.5093920034470877,
0.5182475110186463,
0.4522496298030673,
0.4522496298030674,
0.5182475110186463,
-0.5182475110186463,
0.4522496298030673,
0.4522496298030674,
-0.5182475110186463,
0.5270266177411720,
0.4693693898307344,
0.4693693898307344,
0.5270266177411720,
-0.5270266177411720,
0.4693693898307344,
0.4693693898307344,
-0.5270266177411720,
0.5356852737002422,
0.4855080408040714,
0.4855080408040715,
0.5356852737002422,
-0.5356852737002422,
0.4855080408040714,
0.4855080408040715,
-0.5356852737002422,
0.5441823278664092,
0.5006946214148323,
0.5006946214148323,
0.5441823278664092,
-0.5441823278664092,
0.5006946214148323,
0.5006946214148323,
-0.5441823278664092,
0.5524844398665972,
0.5149651185687479,
0.5149651185687479,
0.5524844398665972,
-0.5524844398665972,
0.5149651185687479,
0.5149651185687479,
-0.5524844398665972,
0.5605608734636024,
0.5283528833184818,
0.5283528833184818,
0.5605608734636024,
-0.5605608734636024,
0.5283528833184818,
0.5283528833184818,
-0.5605608734636024,
0.5683920320994141,
0.5409026737010507,
0.5409026737010507,
0.5683920320994141,
-0.5683920320994141,
0.5409026737010507,
0.5409026737010507,
-0.5683920320994141,
0.5759564009371603,
0.5526490979677849,
0.5526490979677851,
0.5759564009371604,
-0.5759564009371603,
0.5526490979677849,
0.5526490979677851,
-0.5759564009371604,
0.5832432866259640,
0.5636372283475658,
0.5636372283475658,
0.5832432866259640,
-0.5832432866259640,
0.5636372283475658,
0.5636372283475658,
-0.5832432866259640,
0.5902399953135530,
0.5739028108991610,
0.5739028108991610,
0.5902399953135530,
-0.5902399953135530,
0.5739028108991610,
0.5739028108991610,
-0.5902399953135530,
0.5969421058463360,
0.5834881764279846,
0.5834881764279845,
0.5969421058463359,
-0.5969421058463360,
0.5834881764279846,
0.5834881764279845,
-0.5969421058463359,
0.6033452352535126,
0.5924302905489663,
0.5924302905489662,
0.6033452352535125,
-0.6033452352535126,
0.5924302905489663,
0.5924302905489662,
-0.6033452352535125,
0.6094495841685146,
0.6007677088346506,
0.6007677088346506,
0.6094495841685146,
-0.6094495841685146,
0.6007677088346506,
0.6007677088346506,
-0.6094495841685146,
0.6152577428962135,
0.6085377088935152,
0.6085377088935152,
0.6152577428962135,
-0.6152577428962135,
0.6085377088935152,
0.6085377088935152,
-0.6152577428962135,
0.6207725556819128,
0.6157738497607734,
0.6157738497607734,
0.6207725556819128,
-0.6207725556819128,
0.6157738497607734,
0.6157738497607734,
-0.6207725556819128,
0.6260004298500929,
0.6225107307988135,
0.6225107307988134,
0.6260004298500927,
-0.6260004298500929,
0.6225107307988135,
0.6225107307988134,
-0.6260004298500927,
0.6309483047205288,
0.6287802792705456,
0.6287802792705456,
0.6309483047205288,
-0.6309483047205288,
0.6287802792705456,
0.6287802792705456,
-0.6309483047205288,
0.6356241520591674,
0.6346127645767804,
0.6346127645767805,
0.6356241520591676,
-0.6356241520591674,
0.6346127645767804,
0.6346127645767805,
-0.6356241520591676,
]

triangles = [
0, 1, 3,
1, 6, 3,
0, 4, 1,
1, 9, 6,
3, 5, 0,
0, 2, 4,
16, 8, 3,
3, 8, 5,
6, 11, 3,
5, 2, 0,
4, 9, 1,
11, 16, 3,
9, 14, 6,
6, 19, 11,
2, 7, 4,
4, 17, 9,
14, 19, 6,
11, 24, 16,
21, 13, 8,
8, 13, 5,
5, 10, 2,
18, 10, 5,
2, 15, 7,
12, 17, 4,
9, 22, 14,
16, 21, 8,
32, 24, 11,
16, 29, 21,
7, 12, 4,
17, 22, 9,
14, 27, 19,
26, 18, 13,
13, 18, 5,
40, 32, 19,
19, 32, 11,
23, 15, 10,
10, 15, 2,
7, 20, 12,
35, 27, 14,
37, 29, 16,
15, 20, 7,
38, 30, 17,
45, 37, 24,
24, 37, 16,
34, 13, 21,
34, 26, 13,
31, 23, 10,
25, 17, 12,
17, 30, 22,
22, 35, 14,
43, 35, 22,
42, 34, 21,
48, 40, 27,
27, 40, 19,
32, 45, 24,
33, 25, 12,
31, 10, 18,
15, 28, 20,
53, 45, 32,
39, 31, 18,
50, 42, 29,
29, 42, 21,
36, 28, 15,
20, 33, 12,
41, 33, 20,
51, 43, 30,
30, 43, 22,
40, 53, 32,
69, 48, 35,
35, 48, 27,
40, 74, 53,
46, 38, 25,
25, 38, 17,
71, 50, 37,
37, 50, 29,
47, 39, 26,
26, 39, 18,
47, 26, 34,
79, 58, 45,
45, 58, 37,
44, 36, 23,
23, 36, 15,
44, 23, 31,
55, 47, 34,
48, 61, 40,
77, 56, 43,
43, 56, 35,
48, 82, 61,
76, 55, 42,
42, 55, 34,
49, 41, 28,
28, 41, 20,
33, 46, 25,
38, 51, 30,
54, 46, 33,
38, 72, 51,
52, 44, 31,
87, 66, 53,
53, 66, 45,
84, 63, 50,
50, 63, 42,
61, 74, 40,
92, 71, 58,
58, 71, 37,
56, 69, 35,
61, 95, 74,
73, 52, 39,
39, 52, 31,
70, 49, 36,
36, 49, 28,
81, 60, 47,
47, 60, 39,
46, 59, 38,
75, 54, 41,
41, 54, 33,
46, 80, 59,
85, 64, 51,
51, 64, 43,
56, 90, 69,
100, 79, 66,
66, 79, 45,
97, 76, 63,
63, 76, 42,
55, 68, 47,
89, 68, 55,
78, 57, 44,
44, 57, 36,
103, 82, 69,
69, 82, 48,
108, 87, 74,
74, 87, 53,
64, 77, 43,
59, 72, 38,
64, 98, 77,
105, 84, 71,
71, 84, 50,
113, 92, 79,
79, 92, 58,
83, 62, 49,
49, 62, 41,
60, 73, 39,
52, 65, 44,
94, 73, 60,
86, 65, 52,
82, 95, 61,
88, 67, 54,
54, 67, 46,
59, 93, 72,
77, 90, 56,
82, 116, 95,
91, 70, 57,
57, 70, 36,
102, 81, 68,
68, 81, 47,
110, 89, 76,
76, 89, 55,
106, 85, 72,
72, 85, 51,
77, 111, 90,
121, 100, 87,
87, 100, 66,
96, 75, 62,
62, 75, 41,
118, 97, 84,
84, 97, 63,
101, 80, 67,
67, 80, 46,
99, 78, 65,
65, 78, 44,
95, 108, 74,
126, 105, 92,
92, 105, 71,
90, 103, 69,
95, 129, 108,
85, 98, 64,
90, 124, 103,
100, 113, 79,
80, 93, 59,
85, 119, 98,
107, 86, 73,
73, 86, 52,
115, 94, 81,
81, 94, 60,
104, 83, 70,
70, 83, 49,
103, 116, 82,
109, 88, 75,
75, 88, 54,
80, 114, 93,
142, 121, 108,
108, 121, 87,
100, 134, 113,
123, 102, 89,
89, 102, 68,
131, 110, 97,
97, 110, 76,
112, 91, 78,
78, 91, 57,
139, 118, 105,
105, 118, 84,
98, 111, 77,
103, 137, 116,
147, 126, 113,
113, 126, 92,
93, 106, 72,
98, 132, 111,
117, 96, 83,
83, 96, 62,
116, 129, 95,
120, 99, 86,
86, 99, 65,
111, 124, 90,
116, 150, 129,
122, 101, 88,
88, 101, 67,
93, 127, 106,
155, 100, 121,
155, 134, 100,
128, 107, 94,
94, 107, 73,
136, 115, 102,
102, 115, 81,
106, 119, 85,
111, 145, 124,
144, 123, 110,
110, 123, 89,
158, 137, 103,
163, 108, 129,
163, 142, 108,
125, 104, 91,
91, 104, 70,
152, 131, 118,
118, 131, 97,
101, 114, 80,
106, 140, 119,
160, 105, 126,
160, 139, 105,
130, 109, 96,
96, 109, 75,
168, 147, 113,
133, 112, 99,
99, 112, 78,
119, 132, 98,
124, 158, 103,
176, 155, 121,
134, 168, 113,
171, 150, 116,
114, 127, 93,
119, 153, 132,
138, 117, 104,
104, 117, 83,
141, 120, 107,
107, 120, 86,
149, 128, 115,
115, 128, 94,
166, 145, 111,
137, 171, 116,
143, 122, 109,
109, 122, 88,
101, 135, 114,
114, 148, 127,
157, 102, 123,
157, 136, 102,
181, 160, 126,
173, 152, 118,
165, 110, 131,
165, 144, 110,
184, 163, 129,
142, 176, 121,
173, 118, 139,
179, 158, 124,
161, 140, 106,
146, 125, 112,
112, 125, 91,
189, 168, 134,
147, 181, 126,
156, 135, 101,
127, 161, 106,
151, 130, 117,
117, 130, 96,
122, 156, 101,
197, 176, 142,
155, 189, 134,
178, 157, 123,
170, 149, 115,
154, 133, 120,
120, 133, 99,
192, 171, 137,
150, 184, 129,
174, 153, 119,
132, 166, 111,
162, 107, 128,
162, 141, 107,
186, 165, 131,
144, 178, 123,
170, 115, 136,
194, 139, 160,
194, 173, 139,
152, 186, 131,
187, 166, 132,
145, 179, 124,
158, 192, 137,
202, 181, 147,
159, 104, 125,
159, 138, 104,
169, 148, 114,
140, 174, 119,
205, 184, 150,
163, 197, 142,
164, 143, 109,
182, 161, 127,
210, 189, 155,
168, 202, 147,
200, 179, 145,
167, 146, 112,
177, 156, 122,
135, 169, 114,
183, 162, 128,
175, 154, 120,
218, 197, 163,
176, 210, 155,
199, 178, 144,
191, 170, 136,
191, 136, 157,
149, 183, 128,
213, 192, 158,
171, 205, 150,
207, 186, 152,
165, 199, 144,
215, 194, 160,
173, 207, 152,
172, 117, 138,
172, 151, 117,
130, 164, 109,
175, 120, 141,
133, 167, 112,
195, 174, 140,
153, 187, 132,
180, 159, 125,
223, 202, 168,
181, 215, 160,
231, 210, 176,
189, 223, 168,
190, 169, 135,
148, 182, 127,
161, 195, 140,
208, 187, 153,
166, 200, 145,
226, 205, 171,
184, 218, 163,
185, 164, 130,
143, 177, 122,
188, 167, 133,
146, 180, 125,
203, 182, 148,
221, 200, 166,
179, 213, 158,
212, 191, 157,
204, 183, 149,
239, 218, 184,
197, 231, 176,
220, 199, 165,
178, 212, 157,
204, 149, 170,
196, 175, 141,
236, 215, 181,
228, 207, 173,
196, 141, 162,
154, 188, 133,
228, 173, 194,
186, 220, 165,
198, 177, 143,
156, 190, 135,
193, 172, 138,
151, 185, 130,
193, 138, 159,
234, 213, 179,
192, 226, 171,
244, 223, 189,
202, 236, 181,
216, 195, 161,
174, 208, 153,
201, 180, 146,
252, 231, 197,
210, 244, 189,
211, 190, 156,
169, 203, 148,
247, 226, 192,
205, 239, 184,
229, 208, 174,
187, 221, 166,
233, 212, 178,
225, 204, 170,
206, 185, 151,
164, 198, 143,
241, 220, 186,
199, 233, 178,
209, 188, 154,
167, 201, 146,
217, 196, 162,
175, 209, 154,
249, 228, 194,
207, 241, 186,
225, 170, 191,
183, 217, 162,
257, 236, 202,
215, 249, 194,
242, 221, 187,
200, 234, 179,
224, 203, 169,
182, 216, 161,
260, 239, 205,
218, 252, 197,
265, 244, 210,
223, 257, 202,
214, 193, 159,
172, 206, 151,
219, 198, 164,
177, 211, 156,
237, 216, 182,
195, 229, 174,
255, 234, 200,
213, 247, 192,
222, 201, 167,
180, 214, 159,
273, 252, 218,
231, 265, 210,
254, 233, 199,
246, 225, 191,
246, 191, 212,
238, 217, 183,
238, 183, 204,
230, 209, 175,
262, 241, 207,
220, 254, 199,
270, 249, 215,
228, 262, 207,
232, 211, 177,
190, 224, 169,
268, 247, 213,
226, 260, 205,
230, 175, 196,
188, 222, 167,
250, 229, 195,
208, 242, 187,
227, 206, 172,
185, 219, 164,
278, 257, 223,
236, 270, 215,
286, 265, 231,
244, 278, 223,
235, 214, 180,
193, 227, 172,
281, 260, 226,
239, 273, 218,
263, 242, 208,
221, 255, 200,
245, 224, 190,
203, 237, 182,
294, 273, 239,
252, 286, 231,
240, 219, 185,
198, 232, 177,
275, 254, 220,
267, 246, 212,
283, 262, 228,
241, 275, 220,
291, 270, 236,
249, 283, 228,
243, 222, 188,
201, 235, 180,
267, 212, 233,
259, 238, 204,
276, 255, 221,
234, 268, 213,
258, 237, 203,
216, 250, 195,
259, 204, 225,
251, 230, 196,
251, 196, 217,
209, 243, 188,
299, 278, 244,
257, 291, 236,
289, 268, 234,
247, 281, 226,
248, 227, 193,
206, 240, 185,
253, 232, 198,
211, 245, 190,
271, 250, 216,
229, 263, 208,
341, 286, 252,
265, 299, 244,
256, 235, 201,
214, 248, 193,
288, 267, 233,
284, 263, 229,
242, 276, 221,
302, 281, 247,
260, 294, 239,
296, 275, 241,
254, 288, 233,
280, 225, 246,
280, 259, 225,
272, 251, 217,
304, 283, 249,
262, 296, 241,
266, 245, 211,
224, 258, 203,
312, 291, 257,
270, 304, 249,
261, 240, 206,
219, 253, 198,
264, 243, 209,
222, 256, 201,
320, 299, 265,
278, 312, 257,
272, 217, 238,
230, 264, 209,
297, 276, 242,
255, 289, 234,
315, 294, 260,
273, 307, 252,
279, 258, 224,
237, 271, 216,
269, 248, 214,
227, 261, 206,
328, 307, 273,
286, 320, 265,
310, 289, 255,
268, 302, 247,
292, 271, 237,
250, 284, 229,
317, 296, 262,
274, 253, 219,
232, 266, 211,
309, 254, 275,
309, 288, 254,
301, 280, 246,
277, 256, 222,
235, 269, 214,
325, 304, 270,
283, 317, 262,
293, 272, 238,
375, 320, 286,
301, 246, 267,
259, 293, 238,
323, 302, 268,
281, 315, 260,
285, 264, 230,
243, 277, 222,
285, 230, 251,
333, 278, 299,
333, 312, 278,
291, 325, 270,
305, 284, 250,
263, 297, 242,
287, 266, 232,
245, 279, 224,
282, 261, 227,
240, 274, 219,
370, 315, 281,
294, 328, 273,
318, 297, 263,
276, 310, 255,
383, 328, 294,
307, 341, 252,
290, 269, 235,
248, 282, 227,
364, 309, 275,
372, 317, 283,
296, 330, 275,
380, 325, 291,
304, 338, 283,
322, 301, 267,
322, 267, 288,
300, 279, 245,
258, 292, 237,
396, 341, 307,
295, 274, 240,
253, 287, 232,
388, 333, 299,
312, 346, 291,
354, 299, 320,
331, 310, 276,
289, 323, 268,
313, 292, 258,
271, 305, 250,
298, 277, 243,
256, 290, 235,
314, 293, 259,
306, 285, 251,
314, 259, 280,
306, 251, 272,
264, 298, 243,
378, 323, 289,
302, 336, 281,
360, 305, 271,
284, 318, 263,
385, 330, 296,
343, 288, 309,
377, 322, 288,
303, 282, 248,
261, 295, 240,
391, 336, 302,
315, 349, 294,
393, 338, 304,
317, 351, 296,
373, 318, 284,
297, 331, 276,
308, 287, 253,
266, 300, 245,
409, 354, 320,
401, 346, 312,
325, 359, 304,
367, 312, 333,
311, 290, 256,
269, 303, 248,
430, 375, 341,
341, 375, 286,
335, 280, 301,
369, 314, 280,
404, 349, 315,
328, 362, 307,
321, 300, 266,
279, 313, 258,
417, 362, 328,
319, 298, 264,
277, 311, 256,
327, 272, 293,
327, 306, 272,
285, 319, 264,
386, 331, 297,
310, 344, 289,
316, 295, 261,
274, 308, 253,
368, 313, 279,
292, 326, 271,
398, 343, 309,
406, 351, 317,
330, 364, 275,
324, 303, 269,
282, 316, 261,
381, 326, 292,
305, 339, 284,
399, 344, 310,
425, 370, 336,
414, 359, 325,
338, 372, 283,
356, 301, 322,
390, 335, 301,
366, 311, 277,
290, 324, 269,
357, 302, 323,
336, 370, 281,
349, 383, 294,
419, 364, 330,
329, 308, 274,
287, 321, 266,
422, 367, 333,
346, 380, 291,
438, 383, 349,
412, 357, 323,
382, 327, 293,
348, 293, 314,
427, 372, 338,
340, 285, 306,
374, 319, 285,
298, 332, 277,
394, 339, 305,
318, 352, 297,
435, 380, 346,
359, 393, 304,
443, 388, 354,
354, 388, 299,
371, 316, 282,
295, 329, 274,
377, 288, 343,
411, 356, 322,
376, 321, 287,
300, 334, 279,
407, 352, 318,
331, 365, 310,
451, 396, 362,
362, 396, 307,
375, 409, 320,
379, 324, 290,
303, 337, 282,
432, 377, 343,
389, 334, 300,
415, 360, 326,
464, 409, 375,
347, 292, 313,
326, 360, 271,
339, 373, 284,
387, 332, 298,
311, 345, 290,
420, 365, 331,
344, 378, 289,
433, 378, 344,
440, 385, 351,
351, 385, 296,
364, 398, 309,
428, 373, 339,
402, 347, 313,
369, 280, 335,
403, 348, 314,
395, 340, 306,
319, 353, 298,
361, 306, 327,
384, 329, 295,
308, 342, 287,
448, 393, 359,
372, 406, 317,
446, 391, 357,
357, 391, 302,
370, 404, 315,
485, 430, 396,
396, 430, 341,
459, 404, 370,
383, 417, 328,
367, 401, 312,
380, 414, 325,
456, 401, 367,
422, 333, 388,
472, 417, 383,
424, 369, 335,
390, 301, 356,
392, 337, 303,
316, 350, 295,
400, 345, 311,
324, 358, 303,
461, 406, 372,
419, 330, 385,
453, 398, 364,
397, 342, 308,
423, 368, 334,
441, 386, 352,
352, 386, 297,
365, 399, 310,
334, 368, 279,
347, 381, 292,
355, 300, 321,
408, 353, 319,
332, 366, 277,
382, 293, 348,
416, 361, 327,
340, 374, 285,
469, 414, 380,
393, 427, 338,
411, 322, 377,
445, 390, 356,
410, 355, 321,
443, 354, 409,
477, 422, 388,
401, 435, 346,
436, 381, 347,
462, 407, 373,
413, 358, 324,
519, 464, 430,
430, 464, 375,
421, 366, 332,
345, 379, 290,
454, 399, 365,
378, 412, 323,
506, 451, 417,
417, 451, 362,
371, 282, 337,
405, 350, 316,
329, 363, 308,
466, 411, 377,
474, 419, 385,
398, 432, 343,
498, 443, 409,
467, 412, 378,
391, 425, 336,
480, 425, 391,
404, 438, 349,
394, 305, 360,
373, 407, 318,
386, 420, 331,
437, 382, 348,
403, 314, 369,
482, 427, 393,
406, 440, 351,
395, 306, 361,
429, 374, 340,
449, 394, 360,
493, 438, 404,
487, 432, 398,
490, 435, 401,
414, 448, 359,
418, 363, 329,
342, 376, 287,
426, 371, 337,
350, 384, 295,
434, 379, 345,
358, 392, 303,
431, 376, 342,
495, 440, 406,
442, 387, 353,
353, 387, 298,
366, 400, 311,
424, 335, 390,
458, 403, 369,
457, 402, 368,
368, 402, 313,
381, 415, 326,
389, 300, 355,
475, 420, 386,
399, 433, 344,
444, 389, 355,
470, 415, 381,
483, 428, 394,
394, 428, 339,
407, 441, 352,
558, 472, 527,
438, 472, 383,
451, 485, 396,
508, 453, 419,
419, 453, 364,
450, 395, 361,
374, 408, 319,
416, 327, 382,
488, 433, 399,
514, 459, 425,
503, 448, 414,
427, 461, 372,
446, 357, 412,
425, 459, 370,
439, 384, 350,
363, 397, 308,
511, 456, 422,
422, 456, 367,
435, 469, 380,
445, 356, 411,
479, 424, 390,
540, 485, 451,
464, 498, 409,
443, 477, 388,
455, 400, 366,
500, 445, 411,
466, 377, 432,
501, 446, 412,
516, 461, 427,
440, 474, 385,
538, 449, 504,
415, 449, 360,
413, 324, 379,
447, 392, 358,
371, 405, 316,
496, 441, 407,
553, 498, 464,
452, 397, 363,
478, 423, 389,
468, 413, 379,
437, 348, 403,
471, 416, 382,
524, 469, 435,
429, 340, 395,
463, 408, 374,
387, 421, 332,
485, 519, 430,
532, 477, 443,
517, 462, 428,
428, 462, 373,
521, 466, 432,
476, 421, 387,
400, 434, 345,
491, 436, 402,
402, 436, 347,
529, 474, 440,
453, 487, 398,
410, 321, 376,
389, 423, 334,
465, 410, 376,
460, 405, 371,
384, 418, 329,
420, 454, 365,
433, 467, 378,
509, 454, 420,
558, 506, 472,
472, 506, 417,
485, 1064, 519,
506, 540, 451,
522, 467, 433,
446, 480, 391,
492, 437, 403,
535, 480, 446,
459, 493, 404,
537, 482, 448,
448, 482, 393,
461, 495, 406,
1068, 553, 519,
519, 553, 464,
498, 532, 443,
548, 493, 459,
484, 429, 395,
450, 361, 416,
456, 490, 401,
469, 503, 414,
545, 490, 456,
489, 434, 400,
550, 495, 461,
542, 487, 453,
473, 418, 384,
397, 431, 342,
502, 447, 413,
413, 447, 358,
392, 426, 337,
424, 458, 369,
513, 458, 424,
479, 390, 445,
481, 426, 392,
405, 439, 350,
487, 521, 432,
534, 479, 445,
500, 411, 466,
486, 431, 397,
512, 457, 423,
530, 475, 441,
441, 475, 386,
454, 488, 399,
563, 511, 477,
477, 511, 422,
1059, 500, 466,
551, 496, 462,
462, 496, 407,
408, 442, 353,
421, 455, 366,
497, 442, 408,
444, 355, 410,
423, 457, 368,
1072, 532, 498,
556, 503, 469,
524, 435, 490,
510, 455, 421,
434, 468, 379,
471, 382, 437,
505, 450, 416,
429, 463, 374,
538, 394, 449,
538, 483, 394,
449, 415, 504,
566, 514, 480,
480, 514, 425,
499, 444, 410,
543, 488, 454,
467, 501, 412,
482, 516, 427,
567, 516, 482,
508, 542, 453,
487, 1063, 521,
508, 419, 474,
508, 474, 560,
555, 501, 467,
527, 438, 493,
527, 472, 438,
1056, 1060, 540,
1060, 1064, 485,
494, 439, 405,
418, 452, 363,
529, 440, 495,
470, 381, 436,
576, 529, 495,
525, 470, 436,
574, 527, 493,
470, 504, 415,
518, 463, 429,
571, 524, 490,
526, 471, 437,
450, 484, 395,
492, 403, 458,
546, 491, 457,
457, 491, 402,
1069, 517, 483,
483, 517, 428,
507, 452, 418,
431, 465, 376,
426, 460, 371,
515, 460, 426,
531, 476, 442,
442, 476, 387,
1060, 485, 540,
553, 1072, 498,
1056, 506, 1052,
1056, 540, 506,
500, 534, 445,
547, 492, 458,
1055, 534, 500,
1059, 466, 521,
489, 400, 455,
523, 468, 434,
447, 481, 392,
520, 465, 431,
444, 478, 389,
561, 509, 475,
475, 509, 420,
488, 522, 433,
530, 441, 496,
589, 548, 514,
514, 548, 459,
533, 478, 444,
513, 424, 479,
1064, 1068, 519,
586, 545, 511,
600, 477, 532,
511, 545, 456,
565, 513, 479,
1052, 558, 1048,
1052, 506, 558,
590, 550, 516,
516, 550, 461,
537, 448, 503,
570, 522, 488,
501, 535, 446,
1076, 600, 532,
577, 530, 496,
556, 469, 524,
581, 537, 503,
544, 489, 455,
1066, 502, 468,
468, 502, 413,
539, 484, 450,
562, 510, 476,
505, 416, 471,
580, 535, 501,
439, 473, 384,
452, 486, 397,
528, 473, 439,
1073, 551, 517,
517, 551, 462,
577, 551, 1077,
536, 481, 447,
460, 494, 405,
476, 510, 421,
497, 408, 463,
1068, 1072, 553,
597, 560, 529,
529, 560, 474,
1071, 1067, 542,
1067, 1063, 487,
502, 536, 447,
491, 525, 436,
1057, 1061, 504,
1061, 1065, 538,
572, 525, 491,
1048, 558, 527,
594, 556, 524,
1067, 487, 542,
541, 486, 452,
564, 512, 478,
557, 505, 471,
509, 543, 454,
602, 566, 535,
584, 543, 509,
1074, 523, 489,
489, 523, 434,
502, 1062, 536,
1063, 1059, 521,
534, 565, 479,
611, 576, 550,
550, 576, 495,
518, 429, 484,
552, 497, 463,
1071, 542, 508,
499, 410, 465,
478, 512, 423,
600, 563, 477,
545, 571, 490,
1080, 563, 600,
535, 566, 480,
548, 574, 493,
555, 467, 522,
549, 494, 460,
473, 507, 418,
554, 499, 465,
603, 567, 537,
537, 567, 482,
593, 555, 522,
1051, 565, 534,
513, 547, 458,
492, 526, 437,
609, 574, 548,
607, 571, 545,
563, 586, 511,
1059, 1055, 500,
573, 526, 492,
539, 450, 505,
568, 518, 484,
1065, 483, 538,
551, 577, 496,
530, 561, 475,
588, 547, 513,
1061, 538, 504,
1072, 1076, 532,
563, 620, 586,
1075, 1071, 508,
1075, 508, 560,
1054, 515, 481,
481, 515, 426,
559, 507, 473,
486, 520, 431,
1057, 504, 470,
1065, 1069, 483,
1044, 1048, 527,
598, 561, 530,
614, 580, 555,
585, 544, 510,
510, 544, 455,
622, 589, 566,
566, 589, 514,
574, 1044, 527,
587, 546, 512,
512, 546, 457,
1053, 1057, 470,
556, 581, 503,
615, 581, 556,
569, 520, 486,
499, 533, 444,
630, 597, 576,
576, 597, 529,
590, 516, 567,
1053, 470, 525,
623, 590, 567,
579, 533, 499,
1055, 1051, 534,
565, 588, 513,
570, 488, 543,
555, 580, 501,
578, 531, 497,
497, 531, 442,
494, 528, 439,
507, 541, 452,
575, 528, 494,
582, 539, 505,
518, 552, 463,
606, 570, 543,
1049, 572, 1045,
546, 572, 491,
1069, 1073, 517,
618, 584, 561,
1079, 1075, 560,
531, 562, 476,
627, 594, 571,
571, 594, 524,
591, 552, 518,
599, 619, 562,
1050, 549, 515,
515, 549, 460,
1058, 481, 536,
1066, 468, 1070,
1070, 523, 1074,
1070, 468, 523,
1066, 1062, 502,
526, 557, 471,
595, 557, 526,
1076, 1080, 600,
586, 607, 545,
561, 584, 509,
598, 530, 577,
1049, 1053, 525,
1043, 588, 565,
547, 573, 492,
640, 611, 590,
590, 611, 550,
597, 1079, 560,
1081, 598, 577,
583, 541, 507,
520, 554, 465,
1074, 489, 544,
1040, 1044, 574,
639, 609, 589,
589, 609, 548,
1062, 1058, 536,
619, 585, 562,
562, 585, 510,
592, 554, 520,
601, 564, 533,
533, 564, 478,
572, 1049, 525,
1073, 1077, 551,
1084, 620, 563,
638, 607, 586,
1051, 1047, 565,
570, 593, 522,
580, 602, 535,
626, 593, 570,
633, 602, 580,
634, 603, 581,
581, 603, 537,
615, 556, 594,
595, 573, 628,
608, 573, 547,
1083, 1079, 597,
539, 568, 484,
552, 578, 497,
604, 568, 539,
582, 505, 557,
596, 559, 528,
528, 559, 473,
1078, 1074, 544,
610, 494, 549,
610, 575, 494,
1058, 1054, 481,
656, 630, 611,
611, 630, 576,
1045, 572, 546,
644, 615, 594,
602, 622, 566,
609, 1040, 574,
649, 622, 602,
637, 606, 584,
584, 606, 543,
593, 614, 555,
616, 582, 557,
621, 587, 564,
564, 587, 512,
541, 569, 486,
554, 579, 499,
605, 569, 541,
654, 627, 607,
607, 627, 571,
643, 614, 593,
650, 623, 603,
603, 623, 567,
1080, 1084, 563,
620, 638, 586,
1077, 1081, 577,
647, 618, 561,
613, 579, 554,
1046, 610, 549,
617, 583, 559,
573, 595, 526,
608, 547, 588,
1088, 638, 620,
647, 561, 598,
1047, 1043, 565,
591, 518, 568,
612, 578, 552,
585, 1078, 544,
1036, 1040, 609,
1039, 608, 588,
1082, 1078, 585,
624, 591, 568,
1054, 1050, 515,
599, 562, 531,
1085, 647, 598,
596, 528, 575,
559, 583, 507,
623, 640, 590,
630, 1083, 597,
665, 640, 623,
664, 639, 622,
622, 639, 589,
1087, 1083, 630,
660, 634, 615,
615, 634, 581,
659, 633, 614,
614, 633, 580,
1041, 1045, 587,
587, 1045, 546,
625, 592, 569,
569, 592, 520,
632, 601, 579,
579, 601, 533,
641, 612, 591,
591, 612, 552,
578, 599, 531,
653, 626, 606,
606, 626, 570,
637, 584, 618,
629, 596, 575,
629, 575, 610,
669, 644, 627,
627, 644, 594,
631, 599, 578,
619, 1082, 585,
582, 604, 539,
635, 604, 582,
679, 656, 640,
640, 656, 611,
1081, 1085, 598,
663, 637, 618,
1086, 1082, 619,
678, 654, 607,
678, 607, 638,
645, 616, 595,
595, 616, 557,
1084, 1088, 620,
601, 621, 564,
648, 621, 601,
1050, 1046, 549,
642, 613, 592,
592, 613, 554,
663, 618, 647,
1043, 1039, 588,
655, 628, 573,
626, 643, 593,
668, 643, 626,
655, 573, 608,
636, 605, 583,
583, 605, 541,
1032, 1036, 639,
639, 1036, 609,
649, 602, 633,
1042, 629, 610,
596, 617, 559,
673, 649, 633,
1092, 678, 638,
654, 669, 627,
1091, 1087, 656,
656, 1087, 630,
1035, 655, 608,
674, 650, 634,
634, 650, 603,
660, 615, 644,
646, 617, 596,
637, 653, 606,
1037, 1041, 621,
621, 1041, 587,
651, 624, 604,
604, 624, 568,
1090, 1086, 599,
635, 582, 616,
686, 664, 649,
649, 664, 622,
650, 665, 623,
682, 659, 643,
643, 659, 614,
691, 669, 654,
683, 660, 644,
650, 687, 665,
631, 578, 657,
599, 1086, 619,
652, 625, 605,
605, 625, 569,
613, 632, 579,
1089, 663, 647,
637, 677, 653,
1085, 1089, 647,
645, 595, 628,
661, 635, 616,
670, 645, 628,
1046, 1042, 610,
629, 671, 596,
666, 641, 624,
624, 641, 591,
658, 632, 613,
700, 679, 665,
665, 679, 640,
657, 578, 612,
641, 657, 612,
1088, 1092, 638,
711, 691, 654,
1039, 1035, 608,
692, 670, 628,
696, 674, 660,
660, 674, 634,
662, 636, 617,
617, 636, 583,
625, 642, 592,
695, 673, 659,
659, 673, 633,
632, 648, 601,
664, 1032, 639,
1028, 1032, 664,
653, 668, 626,
690, 668, 653,
667, 642, 625,
672, 1033, 648,
1038, 671, 629,
671, 646, 596,
679, 1091, 656,
1095, 1091, 679,
704, 683, 669,
669, 683, 644,
711, 654, 678,
648, 1037, 621,
635, 651, 604,
641, 680, 657,
675, 651, 635,
699, 637, 663,
699, 677, 637,
642, 658, 613,
648, 1033, 1037,
1096, 711, 678,
722, 704, 669,
1094, 1090, 631,
631, 1090, 599,
693, 631, 657,
703, 682, 668,
668, 682, 643,
706, 686, 649,
1089, 1093, 663,
692, 628, 655,
645, 661, 616,
684, 661, 645,
1031, 692, 655,
1042, 1038, 629,
685, 662, 646,
1097, 699, 663,
677, 690, 653,
706, 649, 673,
707, 650, 674,
707, 687, 650,
636, 652, 605,
681, 694, 658,
676, 652, 636,
662, 617, 646,
710, 690, 677,
724, 706, 673,
695, 659, 682,
687, 700, 665,
722, 669, 691,
715, 696, 660,
1092, 1096, 678,
739, 722, 691,
1035, 1031, 655,
705, 684, 670,
697, 675, 661,
685, 646, 1034,
688, 666, 651,
651, 666, 624,
714, 695, 682,
666, 680, 641,
715, 660, 683,
687, 718, 700,
689, 667, 652,
652, 667, 625,
672, 648, 632,
696, 707, 674,
686, 1028, 664,
1024, 1028, 686,
1024, 686, 734,
680, 693, 657,
700, 1095, 679,
1099, 1095, 700,
672, 632, 694,
684, 645, 670,
661, 675, 635,
666, 701, 680,
694, 632, 658,
693, 1094, 631,
705, 670, 692,
662, 676, 636,
698, 676, 662,
739, 691, 711,
732, 715, 683,
696, 725, 707,
721, 703, 668,
695, 724, 673,
721, 668, 690,
1034, 646, 671,
681, 658, 642,
672, 1029, 1033,
681, 642, 667,
1093, 1097, 663,
728, 710, 677,
1038, 1034, 671,
732, 683, 704,
735, 718, 687,
702, 681, 667,
675, 688, 651,
680, 712, 693,
693, 1098, 1094,
708, 688, 675,
728, 677, 699,
1100, 739, 711,
748, 732, 704,
1101, 728, 699,
714, 682, 703,
1027, 705, 692,
684, 697, 661,
714, 703, 731,
741, 724, 695,
721, 690, 738,
738, 690, 710,
1031, 1027, 692,
735, 687, 707,
716, 697, 684,
1096, 1100, 711,
748, 704, 722,
709, 652, 676,
709, 689, 652,
698, 662, 717,
748, 722, 762,
742, 725, 696,
742, 696, 715,
734, 686, 706,
734, 706, 724,
718, 1099, 700,
1103, 1099, 718,
1020, 734, 749,
719, 666, 688,
719, 701, 666,
717, 662, 685,
1025, 1029, 672,
723, 672, 694,
723, 694, 713,
701, 712, 680,
712, 1098, 693,
725, 735, 707,
730, 702, 720,
689, 702, 667,
1034, 1030, 685,
1097, 1101, 699,
753, 738, 710,
1030, 717, 685,
698, 709, 676,
729, 1102, 712,
726, 708, 675,
726, 675, 697,
716, 684, 733,
755, 741, 714,
714, 741, 695,
734, 1020, 1024,
731, 703, 747,
762, 722, 739,
756, 742, 715,
771, 758, 735,
733, 684, 705,
736, 688, 708,
736, 719, 688,
712, 1102, 1098,
727, 709, 698,
753, 710, 728,
756, 715, 732,
713, 694, 681,
713, 681, 730,
747, 703, 721,
730, 681, 702,
1104, 762, 739,
770, 756, 732,
1023, 733, 705,
743, 726, 697,
1027, 1023, 705,
1100, 1104, 739,
770, 732, 748,
1105, 753, 728,
761, 747, 721,
743, 697, 716,
761, 721, 738,
763, 749, 741,
750, 735, 725,
735, 758, 718,
758, 1103, 718,
749, 734, 724,
749, 724, 741,
720, 702, 689,
1021, 1025, 723,
764, 750, 725,
770, 748, 782,
740, 723, 713,
723, 1025, 672,
729, 712, 701,
729, 701, 745,
755, 714, 731,
764, 725, 742,
758, 1107, 1103,
737, 720, 689,
754, 740, 713,
737, 689, 709,
727, 698, 744,
745, 701, 719,
1030, 1026, 717,
744, 698, 717,
1101, 1105, 728,
774, 761, 738,
751, 736, 708,
751, 708, 726,
743, 716, 757,
769, 731, 747,
769, 755, 731,
757, 716, 733,
1026, 744, 717,
752, 737, 709,
782, 748, 762,
777, 764, 742,
774, 738, 753,
783, 763, 776,
755, 763, 741,
749, 1016, 1020,
767, 745, 779,
736, 745, 719,
729, 1106, 1102,
752, 709, 727,
754, 713, 730,
777, 742, 756,
750, 771, 735,
1108, 782, 762,
789, 777, 756,
784, 771, 750,
1023, 1019, 733,
1104, 1108, 762,
754, 730, 746,
1019, 757, 733,
765, 751, 726,
1109, 774, 753,
781, 769, 747,
765, 726, 743,
771, 1107, 758,
781, 747, 761,
783, 1016, 749,
783, 749, 763,
767, 729, 745,
767, 1106, 729,
746, 730, 720,
1017, 1021, 740,
740, 1021, 723,
764, 784, 750,
771, 1111, 1107,
789, 756, 770,
789, 770, 800,
760, 746, 720,
775, 1017, 740,
760, 720, 737,
1026, 1022, 744,
766, 752, 727,
1105, 1109, 753,
793, 781, 761,
766, 727, 744,
778, 765, 743,
759, 745, 736,
778, 743, 757,
759, 736, 772,
772, 736, 751,
793, 761, 774,
776, 763, 755,
800, 770, 782,
795, 784, 764,
776, 755, 788,
1018, 766, 744,
773, 760, 737,
773, 737, 752,
775, 740, 754,
795, 764, 777,
788, 755, 769,
1112, 800, 782,
805, 795, 777,
1019, 1015, 757,
785, 772, 751,
1108, 1112, 782,
1015, 778, 757,
784, 790, 771,
1115, 790, 801,
799, 769, 781,
799, 788, 769,
1008, 1012, 783,
790, 1111, 771,
1113, 793, 774,
785, 751, 765,
1114, 1110, 767,
779, 745, 759,
767, 1110, 1106,
794, 783, 776,
783, 1012, 1016,
775, 754, 768,
805, 777, 789,
790, 1115, 1111,
805, 789, 814,
768, 754, 746,
768, 746, 780,
791, 779, 759,
786, 773, 752,
1022, 1018, 744,
766, 786, 752,
1109, 1113, 774,
809, 799, 781,
780, 746, 760,
796, 765, 778,
796, 785, 765,
797, 1114, 779,
809, 781, 793,
804, 794, 776,
814, 789, 800,
801, 790, 784,
792, 760, 773,
792, 780, 760,
787, 1013, 775,
775, 1013, 1017,
1014, 786, 766,
806, 796, 778,
791, 759, 772,
804, 776, 788,
1015, 1011, 778,
1112, 1116, 800,
1116, 814, 800,
1117, 809, 793,
813, 804, 788,
801, 784, 810,
784, 795, 810,
810, 795, 818,
813, 788, 799,
779, 1114, 767,
791, 772, 802,
802, 772, 785,
802, 785, 811,
1004, 1008, 794,
794, 1008, 783,
1011, 806, 778,
787, 775, 768,
787, 768, 798,
818, 795, 805,
801, 1119, 1115,
803, 792, 773,
1113, 1117, 793,
821, 813, 799,
1018, 1014, 766,
786, 803, 773,
791, 797, 779,
807, 797, 791,
821, 799, 809,
804, 817, 794,
798, 768, 780,
811, 785, 796,
826, 818, 805,
822, 1119, 801,
826, 805, 814,
1010, 803, 786,
808, 798, 780,
808, 780, 792,
829, 821, 809,
825, 817, 804,
819, 796, 806,
819, 811, 796,
807, 1118, 797,
1116, 1120, 814,
1011, 1007, 806,
1120, 826, 814,
822, 801, 810,
822, 810, 830,
825, 804, 813,
807, 791, 815,
797, 1118, 1114,
816, 808, 792,
812, 1009, 787,
817, 1004, 794,
787, 1009, 1013,
812, 787, 798,
1007, 819, 806,
815, 791, 802,
1121, 829, 809,
833, 825, 813,
830, 810, 818,
1117, 1121, 809,
803, 816, 792,
1014, 1010, 786,
833, 813, 821,
817, 1000, 1004,
833, 821, 839,
815, 802, 823,
837, 830, 818,
837, 818, 826,
824, 816, 803,
820, 812, 798,
823, 802, 811,
820, 798, 808,
839, 821, 829,
836, 1000, 817,
843, 837, 826,
840, 1123, 822,
1010, 824, 803,
828, 820, 808,
1120, 1124, 826,
831, 811, 819,
831, 823, 811,
1126, 1122, 807,
1007, 1003, 819,
822, 1123, 1119,
840, 822, 830,
827, 807, 815,
807, 1122, 1118,
828, 808, 816,
836, 817, 825,
1003, 831, 819,
834, 827, 815,
1124, 843, 826,
846, 840, 830,
1125, 839, 829,
842, 836, 825,
812, 1005, 1009,
1001, 1005, 812,
1121, 1125, 829,
842, 825, 833,
835, 828, 816,
1010, 1006, 824,
846, 830, 837,
835, 816, 824,
820, 832, 812,
852, 846, 837,
834, 815, 823,
849, 833, 839,
849, 842, 833,
836, 996, 1000,
1124, 1128, 843,
843, 852, 837,
854, 840, 846,
1131, 1127, 840,
840, 1127, 1123,
1002, 835, 824,
838, 832, 820,
841, 834, 823,
841, 823, 831,
1003, 999, 831,
1130, 1126, 827,
827, 1126, 807,
851, 996, 836,
838, 820, 828,
1129, 849, 839,
842, 851, 836,
847, 841, 831,
834, 844, 827,
1125, 1129, 839,
832, 1001, 812,
1128, 852, 843,
999, 847, 831,
845, 838, 828,
832, 997, 1001,
1006, 1002, 824,
856, 842, 849,
856, 851, 842,
845, 828, 835,
998, 845, 835,
848, 997, 832,
870, 859, 852,
852, 859, 846,
859, 854, 846,
1128, 1132, 852,
865, 854, 859,
1135, 1131, 854,
854, 1131, 840,
999, 995, 847,
847, 855, 841,
850, 844, 834,
850, 834, 841,
851, 992, 996,
861, 856, 849,
844, 1130, 827,
863, 992, 851,
1129, 1133, 849,
856, 863, 851,
848, 832, 838,
1002, 998, 835,
845, 853, 838,
995, 855, 847,
844, 1134, 1130,
1133, 861, 849,
855, 850, 841,
858, 853, 845,
874, 863, 856,
853, 848, 838,
1132, 870, 852,
870, 865, 859,
998, 858, 845,
866, 993, 848,
1132, 1136, 870,
877, 872, 865,
872, 1135, 865,
865, 1135, 854,
995, 991, 855,
868, 857, 850,
857, 1134, 844,
857, 844, 850,
863, 988, 992,
869, 988, 863,
874, 856, 861,
1133, 1137, 861,
848, 993, 997,
860, 848, 853,
862, 850, 855,
864, 860, 853,
991, 862, 855,
998, 994, 858,
858, 864, 853,
867, 874, 861,
1137, 867, 861,
877, 865, 870,
984, 869, 880,
874, 869, 863,
1140, 877, 870,
990, 864, 858,
860, 866, 848,
1136, 1140, 870,
882, 872, 877,
1143, 1139, 872,
872, 1139, 1135,
873, 868, 862,
862, 868, 850,
857, 1138, 1134,
991, 987, 862,
871, 866, 860,
869, 984, 988,
880, 869, 874,
875, 1138, 857,
875, 857, 868,
1137, 1141, 867,
883, 880, 874,
866, 989, 993,
985, 989, 866,
994, 990, 858,
864, 871, 860,
987, 873, 862,
883, 874, 867,
885, 882, 877,
876, 871, 864,
1140, 1144, 877,
879, 875, 868,
1141, 883, 867,
1147, 1143, 882,
882, 1143, 872,
990, 876, 864,
878, 985, 866,
1144, 885, 877,
987, 983, 873,
873, 879, 868,
888, 980, 880,
880, 980, 984,
1146, 1142, 875,
875, 1142, 1138,
1141, 1145, 883,
883, 888, 880,
979, 879, 873,
878, 866, 871,
990, 986, 876,
881, 878, 871,
881, 871, 876,
893, 888, 883,
890, 1147, 882,
1144, 1148, 885,
890, 882, 885,
894, 890, 885,
888, 976, 980,
896, 976, 888,
982, 881, 876,
878, 981, 985,
983, 979, 873,
879, 884, 875,
887, 884, 879,
1145, 1149, 883,
1149, 893, 883,
884, 1146, 875,
886, 981, 878,
890, 1151, 1147,
1148, 894, 885,
986, 982, 876,
881, 886, 878,
979, 887, 879,
884, 1150, 1146,
1148, 1152, 894,
898, 890, 894,
898, 1151, 890,
889, 886, 881,
893, 896, 888,
899, 896, 893,
903, 898, 894,
896, 972, 976,
1149, 1153, 893,
896, 968, 972,
979, 975, 887,
891, 1150, 884,
891, 884, 887,
886, 977, 981,
982, 889, 881,
895, 891, 887,
1153, 899, 893,
892, 977, 886,
982, 978, 889,
889, 892, 886,
898, 1155, 1151,
1152, 1156, 894,
903, 1155, 898,
975, 895, 887,
891, 1154, 1150,
902, 968, 896,
1156, 903, 894,
1153, 1157, 899,
899, 902, 896,
897, 892, 889,
975, 971, 895,
900, 1154, 891,
900, 891, 895,
1157, 902, 899,
969, 973, 901,
892, 973, 977,
978, 974, 889,
903, 1159, 1155,
1156, 1160, 903,
907, 1159, 903,
967, 900, 895,
902, 964, 968,
906, 964, 902,
1157, 1161, 902,
974, 897, 889,
971, 967, 895,
900, 1158, 1154,
1162, 1158, 900,
1160, 907, 903,
901, 973, 892,
905, 901, 897,
897, 901, 892,
1160, 1164, 907,
974, 970, 897,
911, 1163, 907,
907, 1163, 1159,
1161, 906, 902,
906, 960, 964,
1161, 1165, 906,
906, 910, 960,
967, 904, 900,
967, 963, 904,
904, 1162, 900,
1166, 1162, 904,
1164, 911, 907,
1164, 1168, 911,
1171, 1167, 911,
911, 1167, 1163,
901, 965, 969,
905, 965, 901,
970, 966, 897,
966, 905, 897,
1165, 910, 906,
910, 956, 960,
1165, 1169, 910,
910, 952, 956,
963, 959, 904,
908, 1166, 904,
959, 908, 904,
1168, 1172, 911,
913, 1171, 911,
905, 961, 965,
909, 961, 905,
966, 962, 905,
1173, 952, 910,
1169, 1173, 910,
1172, 913, 911,
959, 955, 908,
908, 1170, 1166,
912, 1170, 908,
1172, 1176, 913,
1179, 1175, 913,
913, 1175, 1171,
962, 909, 905,
955, 912, 908,
909, 957, 961,
962, 958, 909,
909, 953, 957,
1173, 948, 952,
1173, 1177, 948,
1176, 1180, 913,
1180, 1179, 913,
955, 951, 912,
912, 1174, 1170,
914, 1174, 912,
1177, 944, 948,
954, 953, 909,
1177, 1181, 944,
958, 954, 909,
951, 914, 912,
1180, 1183, 1179,
1184, 1183, 1180,
951, 947, 914,
1182, 1178, 914,
914, 1178, 1174,
1184, 917, 1183,
1181, 940, 944,
1181, 1185, 940,
954, 949, 953,
954, 950, 949,
1184, 1188, 917,
917, 1187, 1183,
1185, 916, 940,
1188, 1187, 917,
950, 915, 949,
947, 943, 914,
943, 1182, 914,
1189, 916, 1185,
1189, 936, 916,
916, 936, 940,
915, 945, 949,
946, 945, 915,
950, 946, 915,
1188, 1192, 1187,
1192, 1191, 1187,
943, 939, 1182,
939, 1186, 1182,
1189, 932, 936,
1193, 932, 1189,
1192, 1196, 1191,
1196, 1195, 1191,
946, 941, 945,
946, 942, 941,
939, 935, 1186,
935, 1190, 1186,
1193, 928, 932,
1197, 928, 1193,
1196, 1199, 1195,
1200, 1199, 1196,
942, 937, 941,
938, 937, 942,
1197, 924, 928,
1201, 924, 1197,
935, 931, 1190,
931, 1194, 1190,
938, 918, 937,
933, 918, 934,
1200, 920, 1199,
934, 918, 938,
918, 933, 937,
1201, 921, 924,
931, 927, 1194,
927, 1198, 1194,
934, 929, 933,
930, 929, 934,
927, 923, 1198,
923, 1202, 1198,
926, 929, 930,
926, 925, 929,
923, 919, 1202,
926, 922, 925,
]