vertices = [
0.0210403672234120,
-0.0074549647999079,
-0.1152326413526448,
0.1134319196987139,
-0.0088353980243194,
-0.1810068492489430,
0.0756248899288699,
0.1663957465136666,
-0.1734243151918684,
-0.0628423270205550,
0.1677135776993134,
-0.1232179368511861,
-0.0635076727403639,
0.2783963579564176,
-0.1580315152820184,
-0.2592727758705587,
0.2094428100378796,
0.0526309105658302,
-0.2888443346476540,
0.1080153059400338,
0.1379894464471121,
-0.2960179414497880,
0.1074076932168558,
0.3293986091741821,
-0.3030005231587042,
-0.1816048619752542,
0.3361041350659255,
-0.0763721314041822,
-0.2231505835309717,
0.2664052863625125,
-0.0206743953475793,
-0.3561559342786992,
0.2546627361562123,
0.2284522810811683,
-0.3614753164788529,
-0.0240998514520548,
0.2899792050145708,
-0.2456841659836818,
-0.0191808281365965,
0.4186355907496372,
-0.2871851891318427,
-0.3464981265473574,
0.3735981225681188,
0.0796898338707549,
-0.3788719140563118,
0.2436657067016689,
0.1153932531082866,
-0.4456870272032429,
0.2252244005522346,
0.4051053617466944,
-0.4533330149369019,
-0.1477027093251311,
0.4344395675809814,
-0.1884959219184963,
-0.1727485325732597,
0.4240453491949804,
-0.1612506909262589,
-0.4353709834571452,
0.4171704463915809,
0.2210843440163201,
-0.4648016878367129,
0.1175517509191909,
0.2673977370050044,
-0.4097714768529218,
0.0950929875899658,
0.4998209667175559,
-0.4190518413871446,
-0.2868348125542068,
0.4954168534984223,
-0.0405172738471949,
-0.3199810355497462,
0.3845188762688102,
-0.0217447688308681,
-0.5045482000596319,
0.3576728765507935,
0.3532100158901786,
-0.5152083084562769,
-0.0189072020033859,
0.4000204993222148,
-0.3368718496043734,
-0.0637622667871756,
0.5367029451907330,
-0.3089189247939075,
-0.4801368516279866,
0.5162137627910032,
0.1070090979207918,
-0.5132879995813695,
0.2575157941374708,
0.2065934048604810,
-0.5419434530936458,
0.2217869660917640,
0.5414412410253708,
-0.5412069636768715,
-0.2493605710824605,
0.5610498372192640,
-0.1696332771573375,
-0.2892942401512514,
0.5097641233563313,
-0.1210313774948161,
-0.5785072706800409,
0.4874572960439632,
0.3364178227075766,
-0.6014882515418258,
0.0700403600711805,
0.3994553974266522,
-0.4594080865594199,
0.0211705685994771,
0.6164203611121176,
-0.4120342502824109,
-0.4156227268616473,
0.6134701207200119,
0.0374364612229491,
-0.4503804616675949,
0.3671898626250505,
0.0861908776602995,
-0.5803640742924355,
0.3337974862057522,
0.4849794933843088,
-0.5833546798755025,
-0.1318394880996398,
0.5192935984128659,
-0.2923262894944610,
-0.1805502504665918,
0.5667224882115284,
-0.2296343011349072,
-0.5542211276853746,
0.5529882328204959,
0.2270730361190527,
-0.5977746477515277,
0.1813869105883426,
0.3200872042499085,
-0.5412964659360343,
0.1368805766301059,
0.6230425805920922,
-0.5226940569438403,
-0.3692482924832771,
0.6287115625225708,
-0.0770386246610507,
-0.4100934719885233,
0.4838428903224137,
-0.0198405188914209,
-0.6388912424774509,
0.4492515108417997,
0.4519750584640664,
-0.6477685598803842,
-0.0342116291829761,
0.5037050699577786,
-0.4139605649833477,
-0.0869517153078737,
0.6543939423995493,
-0.4094283572189256,
-0.5337175946825017,
0.6446444696581041,
0.1410543299985495,
-0.5667319996619802,
0.3644014259044807,
0.1734230724628271,
-0.6546754155350648,
0.3193436386533428,
0.5995632740190183,
-0.6471739507684467,
-0.2250981120210495,
0.6268983822803401,
-0.2649553825942766,
-0.2798428641350857,
0.6222109648065577,
-0.2107027771654716,
-0.6537384334046378,
0.5967038772058295,
0.3324539899328943,
-0.6904388343552211,
0.1332980285799681,
0.4192063752110938,
-0.5619480823928951,
0.0737040021839899,
0.7004863290865121,
-0.5010005521634153,
-0.4756930177921201,
0.7001716823815296,
-0.0039816983965565,
-0.5137772920960506,
0.4582955105061623,
0.0714033443041835,
-0.6885465537937138,
0.4159596781711983,
0.5536676885412690,
-0.6885359309117673,
-0.1265365867921704,
0.5927498547584436,
-0.3690194914029423,
-0.1847886638790084,
0.6730740941945282,
-0.3240944985024434,
-0.6045705350605094,
0.6553567840810807,
0.2414252098097732,
-0.6284566241612646,
0.2827975366061711,
0.2741273858334745,
-0.6357027982630586,
0.2329598518809752,
0.6549759308307718,
-0.6167941661437887,
-0.3259767266042901,
0.6732403783200270,
-0.1722125859274871,
-0.3765123279069597,
0.5821404007365190,
-0.1125365789131848,
-0.6873823714791099,
0.5495760628475196,
0.4271450970590321,
-0.7124674417062000,
0.0409941896477077,
0.5002660722133391,
-0.5145846204723618,
-0.0165727708181381,
0.7259486328614216,
-0.4943763308424773,
-0.5723754691510452,
0.7307607931971745,
0.0840709771675181,
-0.6082926151110317,
0.4452634670315637,
0.1483510686497334,
-0.7411175121477765,
0.3940786789428136,
0.6458090389671792,
-0.7307913358039244,
-0.2081453226549496,
0.6780295204529891,
-0.3373307787226681,
-0.2701635309840771,
0.7086650280955227,
-0.2819795978725738,
-0.6972154500350021,
0.6818506726923675,
0.3317801427728528,
-0.7054629831222369,
0.2156875932486589,
0.3779756800641568,
-0.6361902966012021,
0.1542300945622562,
0.7270080794130692,
-0.5969128603005399,
-0.4354928096640107,
0.7359311554714347,
-0.0864734928524251,
-0.4847351193018792,
0.5557134524757379,
-0.0171050248102473,
-0.7399276425705196,
0.5135141986635897,
0.5319144225008900,
-0.7489196319377451,
-0.0454440872433828,
0.5839536778780330,
-0.4724520636035788,
-0.1100089494638626,
0.7456526352340872,
-0.4225936732090309,
-0.6233795687817518,
0.7341994963629719,
0.1765503321555332,
-0.6619758959084463,
0.3726939708566228,
0.2369199592536530,
-0.7234428585634113,
0.3170371990324238,
0.6933160191010558,
-0.7034218197648062,
-0.2962452682177206,
0.7182064924746808,
-0.2553211995914634,
-0.3556455756007601,
0.6737685671901712,
-0.1919774770620798,
-0.7385242092544567,
0.6407468885434203,
0.4133245636005168,
-0.7652152543556816,
0.1119140941635778,
0.4847553145448604,
-0.6021955099959018,
0.0565778957014333,
0.7725900064454210,
-0.5673908351233113,
-0.5194189533143797,
0.7736133452804791,
0.0047346971870530,
-0.5685703900905669,
0.5193677478082802,
0.0687046257690145,
-0.7688032235539000,
0.4703130010267132,
0.6124139019609131,
-0.7651835215158226,
-0.1321608469579911,
0.6527839177356515,
-0.4183934457283596,
-0.1970930184790832,
0.7499712678302570,
-0.3607517760744173,
-0.6807987891602133,
0.7278022557250691,
0.2641186192561819,
-0.7100067987302794,
0.2963779753827421,
0.3244035500608117,
-0.6988145702508488,
0.2348366413555110,
0.7345626622944814,
-0.6663428401269299,
-0.3852607204851973,
0.7520637975548932,
-0.1690598862983812,
-0.4399150990023655,
0.6298203592242954,
-0.1008549937980867,
-0.7638108689896462,
0.5904735162717173,
0.4937867442710183,
-0.7905495431593281,
0.0306488546036601,
0.5641919262904259,
-0.5570361840697567,
-0.0433600668623200,
0.7958888430868338,
-0.5270076477787792,
-0.6348009852376807,
0.7989184139650440,
0.1225438836134509,
-0.6784794730335756,
0.4528418293429549,
0.1943500337779879,
-0.7930066518382344,
0.3941793575217305,
0.7152896765655090,
-0.7747717847782806,
-0.2601267174628237,
0.7463526008800236,
-0.3316729913169627,
-0.3253307650246486,
0.7490437551455895,
-0.2655036362157893,
-0.7681685312759977,
0.7173636513915427,
0.3909739605394315,
-0.7818464218082883,
0.1875022168241531,
0.4499979565284914,
-0.6700872080727371,
0.1241989210688466,
0.8004643973613712,
-0.6380815230730305,
-0.5061079210654702,
0.8108296274139322,
-0.0564876051591291,
-0.5595628876795230,
0.5907770419957717,
0.0132760659074823,
-0.8146226329706964,
0.5415219032495445,
0.6083060080064051,
-0.8143321165925990,
-0.0797266023910401,
0.6546744328658682,
-0.4911882383367330,
-0.1508622556048990,
0.8053714964541786,
-0.4312411270788131,
-0.6981506618455181,
0.7871395217846431,
0.2328065572690041,
-0.7380058642282252,
0.3563033614281402,
0.3030280616254920,
-0.7617243899789155,
0.2928789459276216,
0.7657952289557521,
-0.7315854338248464,
-0.3655685722497187,
0.7876298276058434,
-0.2260171235571302,
-0.4268676235332907,
0.6975195706458286,
-0.1570826836138201,
-0.8034731014222537,
0.6586440729189686,
0.4855255589767287,
-0.8248594908638207,
0.0801164533786422,
0.5517648634870939,
-0.6154573336746997,
0.0100896648503989,
0.8222709573134092,
-0.5664309834150606,
-0.5904131089788586,
0.8156560936083378,
0.0620363784691025,
-0.6452491347365048,
0.5088581142106665,
0.1316581936789676,
-0.8119654134609292,
0.4530997751086568,
0.6870036692096596,
-0.8001528067997481,
-0.1989631871792935,
0.7233422053355846,
-0.3934514801227195,
-0.2666544447262488,
0.7797055969856731,
-0.3290165105286600,
-0.7534703795974794,
0.7515650722206124,
0.3383378459154360,
-0.7751431218466435,
0.2496866887010178,
0.4021904791192094,
-0.7091050702904927,
0.1848359506969745,
0.7953319015576719,
-0.6725084878784371,
-0.4594300924596992,
0.8070659130620904,
-0.1161585516604032,
-0.5152661715242657,
0.6296467632648148,
-0.0458309425616937,
-0.8135034883806301,
0.5842259378292479,
0.5679151844782582,
-0.8241204103034500,
-0.0202268823246253,
0.6224354374526149,
-0.5417603254218365,
-0.0942855294882252,
0.8219662789203611,
-0.4795569397223777,
-0.6634265752537060,
0.8070840823063495,
0.1805309449872005,
-0.7203536031471846,
0.4110708779273242,
0.2531194681929300,
-0.7906444879448311,
0.3492068106540986,
0.7536734618653342,
-0.7672874300904786,
-0.3190350512410060,
0.7805850780476581,
-0.2837348163416072,
-0.3830881755253066,
0.7368038575958129,
-0.2161686862157670,
-0.8022015999962784,
0.7014132150527718,
0.4461329112376398,
-0.8213080124015363,
0.1418128380692484,
0.5090842314907876,
-0.6604104971106124,
0.0725703838911726,
0.8316156524033191,
-0.6175590746594539,
-0.5607830187573297,
0.8341812274203787,
-0.0005548264665885,
-0.6132541538048729,
0.5634146979617878,
0.0709739649175825,
-0.8304985787251269,
0.5100890790640138,
0.6593923612245923,
-0.8235648176392072,
-0.1394213070176976,
0.7009368446748970,
-0.4535071864933840,
-0.2099809592958261,
0.8081040563106694,
-0.3875499070405076,
-0.7365137302137306,
0.7812523017541696,
0.2905969907860808,
-0.7743135145069606,
0.3070905801375227,
0.3628505145800174,
-0.7506252271374668,
0.2413532643541288,
0.7983017324307410,
-0.7178291307300670,
-0.4245941887434310,
0.8162099690590184,
-0.1726088317901177,
-0.4841875916523668,
0.6783312814545538,
-0.1020122383832592,
-0.8280786402853521,
0.6351691734766081,
0.5407335197820033,
-0.8601056458135720,
0.0292721040528790,
0.6139552994035065,
-0.6033647356132663,
-0.0440368600860924,
0.8605307251641096,
-0.5585334871650915,
-0.6734561854835641,
0.8580096691651905,
0.1142411763745748,
-0.7109185702776135,
0.4980460848252730,
0.1862853279812569,
-0.8477788960567367,
0.4367650417434953,
0.7502755974230054,
-0.8294979546981902,
-0.2566985169271483,
0.7842087497245017,
-0.3721468264541389,
-0.3255083528603351,
0.8046377387124103,
-0.3042152368702266,
-0.8118005727698078,
0.7747419108316048,
0.3931112490681057,
-0.8334468450344217,
0.2334219860283410,
0.4559471610183042,
-0.7365190908011358,
0.1630937429036376,
0.8514570546264291,
-0.6973727082720472,
-0.5164748036057616,
0.8626035307004293,
-0.0911137548911188,
-0.5734150898989395,
0.6508707639779129,
-0.0181642212562160,
-0.8676043260225408,
0.6005612472659557,
0.6264254344164712,
-0.8650409841784500,
-0.0979498423721404,
0.7033902296661986,
-0.5130939894525506,
-0.1707561711750646,
0.8540332137161863,
-0.4532049215437910,
-0.7448034690584147,
0.8384752874734965,
0.2376754332040086,
-0.7773918813890686,
0.3923672103028965,
0.3068998814717636,
-0.8150616213090818,
0.3257885375381355,
0.8077879914821610,
-0.7858915820189171,
-0.3739998784372020,
0.8321511896145279,
-0.2566283353174639,
-0.4388378545802729,
0.7515315971178869,
-0.1856085679288905,
-0.8505259408027123,
0.7121513505841233,
0.5010482505745872,
-0.8652776920288857,
0.1127016890219076,
0.5607035150899865,
-0.6680057131012527,
0.0389632760282874,
0.8704944244001436,
-0.6181457032752761,
-0.6140179155574946,
0.8698721138056088,
0.0343265924004008,
-0.6639660427577440,
0.5641130548961809,
0.1072357688495053,
-0.8648889515867845,
0.5065119001324739,
0.7092987165754644,
-0.8532909936193990,
-0.1792916271523451,
0.7494865228427686,
-0.4451270148310389,
-0.2507292267252933,
0.8352594739403437,
-0.3804769266085182,
-0.7848332045126170,
0.8143405113202994,
0.3210758107574599,
-0.8189008669796989,
0.3174195134724114,
0.3882127397423206,
-0.7881452875020649,
0.2476587935290806,
0.8429774370965838,
-0.7530390903961315,
-0.4529198914629787,
0.8610412258109666,
-0.1760805839656532,
-0.5146114056905093,
0.7121712799020834,
-0.1031322874166182,
-0.8729334390930286,
0.6666390519779033,
0.5728897416104799,
-0.8751432592474060,
-0.0118893166139726,
0.6526619504964769,
-0.5832931817166573,
-0.0859473097900488,
0.8714252207630195,
-0.5237082515039736,
-0.6957299980382695,
0.8552544855009296,
0.1564493626932690,
-0.7365354478410193,
0.4635523050216105,
0.2287331343544788,
-0.8399765425403809,
0.4002162904080123,
0.7731708059689790,
-0.8179420879624926,
-0.2983963082001954,
0.8040642859990920,
-0.3337321748473858,
-0.3661604917645904,
0.7897343354454737,
-0.2646581476054342,
-0.8283266954866817,
0.7560375205972582,
0.4318599193242845,
-0.8454918627393794,
0.1927223353887444,
0.4925750978328085,
-0.7146141671231112,
0.1210821090942551,
0.8602641460476627,
-0.6726552218458738,
-0.5519019677967136,
0.8677568109832483,
-0.0481418878459175,
-0.6063919900788542,
0.6227320996609583,
0.0251191997167687,
-0.8691679321001325,
0.5697098629765245,
0.6567665979727400,
-0.8680407857766433,
-0.1391148530433275,
0.7330893508981067,
-0.4847869631449097,
-0.2115463905780611,
0.8528699870140315,
-0.4207074757122137,
-0.7687972161141386,
0.8276322303641015,
0.2784354497053798,
-0.7961869480398035,
0.3539939685035655,
0.3467025022210672,
-0.7995603634844156,
0.2860217664013530,
0.8232922019350291,
-0.7674758893524721,
-0.4123092552488771,
0.8444003401751785,
-0.2157208718049905,
-0.4755130132054493,
0.7297921097581507,
-0.1437703708068816,
-0.8593655269377460,
0.6872256540353986,
0.5354779204986607,
-0.8732013344090284,
0.0703299620590257,
0.5947634076697779,
-0.6419678734544643,
-0.0033411598802733,
0.8736830733213722,
-0.5860879392077664,
-0.6424653058519134,
0.8693816516603110,
0.0751781368036948,
-0.6917019017342676,
0.5336630823136558,
0.1481251515991011,
-0.8615105597121624,
0.4740895176569380,
0.7345254750147625,
-0.8466924820062307,
-0.2199992099364522,
0.7720448387512336,
-0.4108880762887827,
-0.2904228013312083,
0.8252484903495388,
-0.3443722597418955,
-0.8035758853885852,
0.7978368479465537,
0.3581118190884537,
-0.8249613912464553,
0.2762436090073972,
0.4205510615670646,
-0.7619288853952382,
0.2062396451303487,
0.8458945572454558,
-0.7238047878021431,
-0.4825508422230516,
0.8598651727033446,
-0.1343850695694636,
-0.5418040012434192,
0.6803188964944294,
-0.0614507890501613,
-0.8679507339025464,
0.6326373869590070,
0.5974441530052625,
-0.8680501617198503,
-0.0547115863213027,
0.6767789832356309,
-0.5469958548751944,
-0.1285872514058929,
0.8615209850009689,
-0.4878485075629674,
-0.7200488773414028,
0.8523374230708475,
0.1993604602069856,
-0.7637790090004268,
0.4311299543344137,
0.2706584510186922,
-0.8346213744402315,
0.3657267038115789,
0.7977451827247424,
-0.8093320231544102,
-0.3398647980846074,
0.8256832331496684,
-0.2974601220650229,
-0.4066203784978207,
0.7777926916966816,
-0.2271450194583078,
-0.8479511474667916,
0.7410436670451591,
0.4708905001064380,
-0.8649796277328619,
0.1550854827046650,
0.5320208953563420,
-0.6995239905062612,
0.0816518043678546,
0.8753732714339555,
-0.6525458394807929,
-0.5889732705416811,
0.8788282129777004,
-0.0078618304585211,
-0.6411313094248645,
0.6001915591811409,
0.0658626597352558,
-0.8759027218238942,
0.5444040531480773,
0.6894471043302391,
-0.8901118425877819,
-0.1642993267220994,
-0.8812108916463541,
-0.2067866666886164,
-0.8702831274153487,
-0.2487983906951797,
-0.8573536841026821,
-0.2902378704302902,
-0.8424522998423029,
-0.3310097937626106,
-0.8256132482955316,
-0.3710203839619225,
-0.8068752598205404,
-0.4101776153886104,
-0.7862814323912891,
-0.4483914251555822,
-0.7638791324708031,
-0.4855739202757954,
-0.7397198860667912,
-0.5216395798189444,
-0.7138592602201762,
-0.5565054516123398,
-0.6863567351991204,
-0.5900913430335645,
-0.6572755676925029,
-0.6223200054560750,
-0.6266826453175077,
-0.6531173119235182,
-0.5946483327759611,
-0.6824124276441054,
-0.5612463100132620,
-0.7101379729129043,
-0.5265534027521472,
-0.7362301780873196,
-0.4906494057910670,
-0.7606290302593139,
-0.4536168994735910,
-0.7832784112870196,
-0.4155410597509724,
-0.8041262268682636,
-0.3765094622747305,
-0.8231245263591316,
-0.3366118809698451,
-0.8402296130619856,
-0.2959400815518533,
-0.8554021447292693,
-0.2545876104627618,
-0.8686072240519374,
-0.2126495797112340,
-0.8798144789243848,
-0.1702224481119210,
-0.8889981323012640,
-0.1274037994270972,
-0.8961370614855138,
-0.0842921179208802,
-0.9012148467112400,
-0.0409865618422672,
-0.9042198089097039,
0.0024132646420154,
-0.9051450365715535,
0.0458075405402873,
-0.9039884016435173,
0.0890964576273937,
-0.9007525644229948,
0.1321804500068219,
-0.8954449674392869,
0.1749604231154537,
-0.8880778183355402,
0.2173379816442361,
-0.8786680617907772,
0.2592156558505455,
-0.8672373405465905,
0.3004971257417188,
-0.8538119456281442,
0.3410874426141234,
-0.8384227558739734,
0.3808932474382184,
-0.8211051669136661,
0.4198229855873135,
-0.8018990097567809,
0.4577871174161455,
-0.7808484591802481,
0.4946983242049305,
-0.7580019321249681,
0.5304717089952187,
-0.7334119763352951,
0.5650249918556183,
-0.7071351494975412,
0.5982786991282754,
-0.6792318891554857,
0.6301563462208331,
-0.6497663737020876,
0.6605846135234452,
-0.6188063747671252,
0.6894935150462288,
-0.5864231013402758,
0.7168165593892827,
-0.5526910359881571,
0.7424909026750390,
-0.5176877635420380,
0.7664574930911949,
-0.4814937926502401,
0.7886612067117731,
-0.4441923706056660,
0.8090509742839186,
-0.4058692918743587,
0.8275798986888165,
-0.3666127007654802,
0.8442053628065679,
-0.3265128886965758,
0.8588891275369316,
-0.2856620865204200,
0.8715974197504801,
-0.2441542523910998,
0.8823010099678793,
-0.2020848556572497,
0.8909752795886282,
-0.1595506572794896,
0.8976002775146281,
-0.1166494872771156,
0.9021607660383483,
-0.0734800197159202,
0.9046462558900412,
-0.0301415457546785,
0.9050510303633996,
0.0132662547276981,
0.9033741584641634,
0.0566435423990780,
0.8996194970514368,
0.0998905481077727,
0.8937956819667892,
0.1429078023547830,
0.8859161081715418,
0.1855963640768338,
0.8759988989379279,
0.2278580482139907,
0.8640668641649866,
0.2695956515384439,
0.8501474479150626,
0.3107131762250473,
0.8342726652915847,
0.3511160506493927,
0.8164790288033013,
0.3907113469055760,
0.7968074643843402,
0.4294079945433593,
0.7753032172632494,
0.4671169900331247,
0.7520157478975199,
0.5037516014768442,
0.7269986182129504,
0.5392275680942251,
0.7003093684095003,
0.5734632940252045,
0.6720093846169864,
0.6063800360030421,
0.6421637577050167,
0.6379020844663575,
0.6108411335719053,
0.6679569376935471,
0.5781135552569052,
0.6964754685590675,
0.5440562972389109,
0.7233920835280389,
0.5087476923027435,
0.7486448735234780,
0.4722689513712360,
0.7721757563191586,
0.4347039767175083,
0.7939306101305929,
0.3961391689870499,
0.8138593980968709,
0.3566632284734671,
0.8319162833670434,
0.3163669511049653,
0.8480597345263481,
0.2753430196108037,
0.8622526211197946,
0.2336857903480490,
0.8744622990534006,
0.1914910762789298,
0.8846606856766545,
0.1488559265979532,
0.8928243243735109,
0.1058784035156475,
0.8989344385133596,
0.0626573567123358,
0.9029769746378777,
0.0192921959807032,
0.9049426347844340,
-0.0241173374199120,
0.9048268978717010,
-0.0674714001716106,
0.9026300300982866,
-0.1106702765407639,
0.8983570843304695,
-0.1536146077273956,
0.8920178884804439,
-0.1962056203936066,
0.8836270229018075,
-0.2383453538454168,
0.8732037868542798,
-0.2799368853455008,
0.8607721541147875,
-0.3208845530385893,
0.8463607178370084,
-0.3610941759768023,
0.8300026247862025,
-0.4004732707388468,
0.8117354991005886,
-0.4389312641448497,
0.7916013557546220,
-0.4763797015775738,
0.7696465039232057,
-0.5127324504308721,
0.7459214404691050,
-0.5479058982174425,
0.7204807337985444,
-0.5818191448802268,
0.6933828983521247,
-0.6143941888651360,
0.6646902600197350,
-0.6455561065271231,
0.6344688127890078,
-0.6752332244569682,
0.6027880669570334,
-0.7033572843324162,
0.5697208892544489,
-0.7298635999145059,
0.5353433352496223,
-0.7546912058279917,
0.4997344744184087,
-0.7777829977836611,
0.4629762082818216,
-0.7990858639200297,
0.4251530820299098,
-0.8185508069623236,
0.3863520900651116,
-0.8361330569177834,
0.3466624759123407,
-0.8517921740480803,
0.3061755269560197,
-0.8654921418820113,
0.2649843644761704,
-0.8772014500545369,
0.2231837294664852,
-0.8868931667816303,
0.1808697647270063,
-0.8945450008042440,
0.1381397937326039,
-0.9001393526589196,
0.0950920967858661,
-0.9036633551571178,
0.0518256849692527,
-0.9051089029801644,
0.0084400724164331,
-0.9044726713217435,
-0.0349649525734101,
-0.9017561235350574,
-0.0782895570518672,
-0.8969655077670688,
-0.1214340930402817,
]

triangles = [
0, 5, 2,
5, 10, 2,
0, 8, 5,
5, 18, 10,
7, 4, 2,
2, 4, 0,
0, 3, 8,
10, 15, 2,
13, 18, 5,
10, 23, 15,
15, 7, 2,
1, 3, 0,
8, 13, 5,
4, 1, 0,
31, 23, 10,
16, 21, 8,
8, 21, 13,
39, 31, 18,
18, 31, 10,
26, 18, 13,
20, 12, 7,
7, 12, 4,
4, 9, 1,
28, 7, 15,
34, 26, 13,
11, 16, 3,
3, 16, 8,
36, 28, 15,
14, 6, 1,
1, 6, 3,
26, 39, 18,
57, 36, 23,
23, 36, 15,
17, 9, 4,
28, 20, 7,
25, 17, 12,
12, 17, 4,
6, 11, 3,
42, 34, 21,
21, 34, 13,
73, 52, 39,
65, 44, 31,
31, 44, 23,
22, 14, 9,
9, 14, 1,
6, 19, 11,
44, 57, 23,
36, 49, 28,
37, 29, 16,
16, 29, 21,
60, 39, 26,
39, 52, 31,
47, 60, 26,
29, 42, 21,
34, 47, 26,
68, 47, 34,
52, 65, 31,
44, 78, 57,
70, 49, 36,
28, 41, 20,
54, 33, 20,
20, 33, 12,
33, 25, 12,
30, 22, 9,
27, 19, 6,
11, 24, 16,
62, 41, 28,
32, 24, 11,
49, 62, 28,
94, 73, 60,
60, 73, 39,
52, 86, 65,
57, 70, 36,
49, 83, 62,
91, 70, 57,
24, 37, 16,
29, 63, 42,
99, 44, 65,
99, 78, 44,
30, 9, 17,
14, 27, 6,
55, 68, 34,
47, 81, 60,
76, 55, 42,
42, 55, 34,
75, 54, 41,
41, 54, 20,
59, 38, 25,
120, 99, 65,
38, 30, 17,
35, 27, 14,
107, 86, 52,
125, 91, 146,
78, 91, 57,
70, 104, 49,
46, 25, 33,
25, 38, 17,
102, 81, 47,
73, 107, 52,
50, 63, 29,
81, 94, 60,
128, 107, 73,
40, 32, 19,
19, 32, 11,
71, 50, 37,
125, 104, 70,
62, 96, 41,
58, 37, 24,
37, 50, 29,
68, 102, 47,
149, 128, 94,
123, 102, 68,
104, 83, 49,
86, 120, 65,
133, 112, 78,
141, 120, 86,
22, 35, 14,
27, 40, 19,
56, 35, 22,
67, 46, 33,
97, 76, 63,
63, 76, 42,
55, 89, 68,
83, 96, 62,
54, 67, 33,
115, 94, 81,
94, 128, 73,
107, 141, 86,
96, 75, 41,
112, 91, 78,
91, 125, 70,
104, 138, 83,
83, 117, 96,
133, 78, 99,
154, 133, 99,
88, 67, 54,
110, 89, 55,
72, 59, 93,
46, 59, 25,
64, 43, 30,
45, 58, 24,
209, 154, 120,
120, 154, 99,
162, 141, 107,
61, 40, 27,
32, 45, 24,
136, 115, 81,
136, 81, 102,
66, 45, 32,
112, 146, 91,
201, 146, 112,
115, 149, 94,
128, 162, 107,
157, 136, 102,
238, 183, 149,
144, 123, 89,
89, 123, 68,
217, 162, 128,
141, 175, 120,
109, 88, 75,
75, 88, 54,
80, 59, 46,
58, 71, 37,
84, 97, 63,
92, 71, 58,
214, 159, 125,
125, 159, 104,
51, 30, 38,
30, 43, 22,
159, 138, 104,
96, 130, 75,
84, 63, 50,
76, 110, 55,
230, 175, 141,
154, 188, 133,
133, 167, 112,
138, 117, 83,
72, 51, 38,
105, 84, 50,
123, 157, 102,
131, 110, 76,
123, 212, 157,
175, 209, 120,
43, 56, 22,
35, 48, 27,
243, 188, 154,
222, 167, 133,
146, 180, 125,
204, 149, 115,
149, 183, 128,
162, 196, 141,
170, 115, 136,
251, 196, 162,
175, 264, 209,
69, 48, 35,
183, 217, 128,
256, 201, 167,
167, 201, 112,
151, 130, 96,
188, 222, 133,
277, 222, 188,
235, 180, 146,
159, 193, 138,
353, 243, 209,
209, 243, 154,
285, 230, 196,
196, 230, 141,
48, 61, 27,
40, 53, 32,
101, 46, 67,
59, 72, 38,
122, 67, 88,
122, 101, 67,
206, 151, 117,
117, 151, 96,
172, 117, 138,
180, 214, 125,
199, 144, 110,
110, 144, 89,
191, 136, 157,
225, 170, 136,
126, 105, 71,
71, 105, 50,
152, 131, 97,
170, 204, 115,
306, 251, 217,
85, 64, 51,
51, 64, 30,
43, 77, 56,
101, 80, 46,
74, 53, 40,
79, 92, 58,
201, 235, 146,
358, 248, 214,
290, 235, 201,
204, 238, 149,
118, 97, 84,
97, 131, 76,
219, 109, 130,
130, 109, 75,
53, 66, 32,
248, 159, 214,
248, 193, 159,
246, 191, 157,
348, 293, 204,
327, 272, 238,
191, 225, 136,
143, 122, 88,
101, 135, 80,
227, 172, 138,
198, 143, 109,
269, 214, 180,
193, 227, 138,
361, 217, 183,
217, 251, 162,
319, 264, 175,
178, 123, 144,
178, 212, 123,
369, 314, 225,
319, 175, 230,
243, 332, 188,
374, 319, 230,
79, 58, 45,
421, 353, 264,
264, 353, 209,
311, 256, 167,
233, 178, 144,
100, 79, 45,
298, 332, 243,
332, 277, 188,
340, 285, 196,
282, 227, 193,
114, 93, 80,
80, 93, 59,
72, 106, 51,
311, 167, 222,
235, 324, 180,
366, 311, 222,
56, 69, 35,
48, 82, 61,
90, 69, 56,
185, 130, 151,
109, 143, 88,
335, 246, 301,
212, 246, 157,
426, 340, 251,
251, 340, 196,
272, 183, 238,
272, 361, 183,
139, 118, 84,
139, 84, 105,
417, 366, 277,
353, 298, 243,
420, 298, 353,
421, 264, 422,
423, 374, 424,
285, 374, 230,
261, 206, 172,
172, 206, 117,
293, 238, 204,
418, 277, 332,
277, 366, 222,
414, 345, 256,
361, 306, 217,
251, 306, 427,
118, 152, 97,
131, 165, 110,
345, 201, 256,
345, 290, 201,
415, 256, 311,
259, 204, 170,
259, 170, 314,
379, 324, 235,
248, 337, 193,
324, 269, 180,
314, 170, 225,
220, 165, 131,
430, 327, 431,
293, 327, 238,
428, 306, 361,
165, 199, 110,
267, 356, 212,
290, 379, 235,
324, 410, 269,
412, 379, 290,
259, 348, 204,
240, 185, 151,
95, 74, 61,
61, 74, 40,
53, 87, 66,
66, 100, 45,
269, 358, 214,
303, 358, 408,
160, 139, 105,
186, 131, 152,
280, 225, 191,
433, 432, 348,
295, 240, 206,
206, 240, 151,
316, 172, 227,
322, 233, 377,
199, 233, 144,
335, 280, 191,
121, 100, 66,
147, 126, 92,
92, 126, 71,
113, 92, 79,
185, 219, 130,
363, 219, 185,
211, 156, 122,
122, 156, 101,
177, 122, 143,
298, 419, 332,
422, 264, 319,
422, 319, 423,
319, 374, 423,
374, 285, 424,
303, 337, 248,
421, 420, 353,
366, 416, 311,
335, 191, 246,
285, 340, 425,
424, 285, 425,
420, 419, 298,
345, 413, 290,
425, 340, 426,
419, 418, 332,
426, 251, 427,
98, 43, 64,
98, 77, 43,
280, 369, 225,
432, 293, 348,
418, 417, 277,
427, 306, 428,
409, 358, 269,
358, 303, 248,
371, 282, 405,
337, 282, 193,
417, 416, 366,
428, 361, 429,
356, 246, 212,
435, 314, 369,
416, 415, 311,
379, 411, 324,
127, 72, 93,
127, 106, 72,
429, 361, 272,
429, 272, 430,
272, 327, 430,
106, 85, 51,
156, 135, 101,
415, 414, 256,
327, 293, 431,
119, 98, 64,
308, 164, 219,
219, 164, 109,
414, 413, 345,
431, 293, 432,
371, 316, 227,
240, 274, 185,
164, 198, 109,
186, 152, 241,
186, 220, 131,
343, 288, 199,
267, 178, 322,
267, 212, 178,
126, 160, 105,
207, 152, 118,
413, 412, 290,
316, 261, 172,
348, 259, 433,
207, 118, 173,
406, 282, 337,
282, 371, 227,
402, 350, 261,
322, 178, 233,
412, 411, 379,
303, 407, 337,
335, 301, 438,
356, 301, 246,
435, 369, 436,
433, 259, 434,
259, 314, 434,
135, 114, 80,
411, 410, 324,
103, 48, 69,
103, 82, 48,
434, 314, 435,
108, 53, 74,
108, 87, 53,
438, 301, 439,
288, 233, 199,
124, 90, 145,
77, 90, 56,
410, 409, 269,
369, 280, 436,
232, 177, 143,
156, 190, 135,
403, 261, 316,
261, 350, 206,
409, 408, 358,
436, 280, 437,
350, 295, 206,
408, 407, 303,
371, 404, 316,
148, 127, 93,
174, 119, 85,
124, 103, 69,
437, 280, 335,
437, 335, 438,
129, 95, 150,
82, 95, 61,
177, 211, 122,
203, 148, 114,
364, 309, 220,
173, 118, 139,
254, 165, 309,
254, 199, 165,
207, 241, 152,
407, 406, 337,
134, 79, 100,
134, 113, 79,
126, 215, 160,
301, 356, 439,
356, 440, 439,
228, 173, 139,
198, 232, 143,
355, 245, 211,
287, 232, 198,
342, 198, 164,
288, 377, 233,
400, 329, 295,
295, 329, 240,
401, 295, 350,
329, 274, 240,
406, 405, 282,
309, 165, 220,
443, 442, 377,
113, 147, 92,
160, 194, 139,
356, 267, 440,
254, 343, 199,
308, 363, 397,
274, 363, 185,
405, 404, 371,
440, 267, 441,
169, 114, 135,
114, 148, 93,
404, 403, 316,
140, 85, 106,
85, 119, 64,
132, 111, 77,
140, 106, 161,
364, 220, 275,
445, 444, 343,
363, 308, 219,
398, 363, 274,
441, 267, 322,
441, 322, 442,
129, 108, 74,
87, 121, 66,
142, 121, 87,
155, 134, 100,
236, 181, 147,
245, 156, 211,
245, 190, 156,
249, 194, 160,
351, 296, 207,
403, 402, 261,
329, 399, 274,
442, 322, 377,
377, 288, 443,
194, 228, 139,
330, 186, 241,
275, 220, 186,
402, 401, 350,
308, 253, 164,
266, 211, 177,
396, 253, 308,
253, 342, 164,
443, 288, 444,
321, 177, 232,
275, 186, 330,
444, 288, 343,
330, 241, 296,
401, 400, 295,
343, 254, 445,
372, 317, 228,
181, 215, 126,
181, 126, 147,
394, 287, 342,
342, 287, 198,
224, 169, 135,
224, 135, 190,
400, 399, 329,
253, 395, 342,
447, 309, 364,
296, 241, 207,
445, 254, 446,
254, 309, 446,
210, 155, 121,
121, 155, 100,
202, 147, 113,
161, 106, 127,
161, 127, 216,
202, 113, 168,
90, 124, 69,
116, 95, 82,
111, 90, 77,
279, 224, 190,
399, 398, 274,
446, 309, 447,
338, 249, 304,
215, 249, 160,
351, 207, 262,
376, 232, 287,
376, 321, 232,
245, 334, 190,
207, 173, 262,
447, 364, 448,
398, 397, 363,
182, 127, 148,
393, 376, 287,
391, 266, 321,
321, 266, 177,
364, 275, 448,
116, 82, 137,
95, 129, 74,
108, 142, 87,
262, 173, 317,
448, 275, 449,
317, 173, 228,
132, 98, 153,
132, 77, 98,
153, 98, 119,
258, 203, 169,
169, 203, 114,
397, 396, 308,
174, 85, 140,
208, 153, 119,
275, 330, 449,
266, 355, 211,
224, 313, 169,
390, 355, 266,
283, 228, 194,
451, 296, 351,
396, 395, 253,
376, 392, 321,
197, 142, 108,
330, 296, 450,
449, 330, 450,
237, 182, 148,
137, 82, 103,
168, 113, 134,
359, 249, 215,
395, 394, 342,
450, 296, 451,
223, 168, 134,
189, 134, 155,
158, 103, 124,
158, 137, 103,
202, 236, 147,
338, 283, 194,
300, 245, 355,
300, 334, 245,
338, 194, 249,
451, 351, 452,
394, 393, 287,
292, 237, 203,
203, 237, 148,
200, 145, 111,
111, 145, 90,
389, 300, 355,
283, 372, 228,
351, 262, 452,
213, 158, 124,
368, 279, 386,
334, 279, 190,
360, 216, 182,
182, 216, 127,
229, 174, 140,
184, 150, 239,
116, 150, 95,
129, 163, 108,
455, 454, 372,
359, 215, 270,
393, 392, 376,
195, 140, 161,
153, 187, 132,
132, 166, 111,
452, 262, 453,
392, 391, 321,
387, 279, 334,
244, 189, 155,
346, 291, 202,
380, 325, 236,
453, 262, 317,
453, 317, 454,
368, 224, 279,
368, 313, 224,
270, 215, 181,
454, 317, 372,
189, 223, 134,
325, 270, 181,
388, 334, 300,
391, 390, 266,
313, 258, 169,
237, 271, 182,
347, 258, 383,
218, 163, 129,
142, 176, 121,
359, 304, 249,
325, 181, 236,
458, 457, 304,
231, 176, 142,
372, 283, 455,
250, 161, 216,
250, 195, 161,
176, 210, 121,
367, 312, 223,
263, 208, 174,
174, 208, 119,
390, 389, 355,
455, 283, 456,
457, 338, 304,
291, 236, 202,
389, 388, 300,
384, 258, 313,
385, 313, 368,
258, 347, 203,
456, 338, 457,
456, 283, 338,
195, 229, 140,
284, 229, 195,
333, 244, 299,
210, 244, 155,
347, 292, 203,
388, 387, 334,
304, 359, 458,
242, 187, 153,
242, 153, 208,
257, 168, 312,
257, 202, 168,
458, 359, 459,
291, 380, 236,
221, 166, 132,
145, 179, 124,
252, 197, 163,
163, 197, 108,
265, 354, 210,
387, 386, 279,
381, 326, 292,
326, 237, 292,
326, 271, 237,
359, 270, 459,
462, 461, 380,
312, 168, 223,
382, 292, 347,
510, 360, 271,
271, 360, 182,
305, 250, 216,
226, 171, 137,
205, 150, 116,
234, 179, 145,
318, 174, 229,
352, 242, 208,
187, 221, 132,
257, 346, 202,
386, 385, 368,
171, 116, 137,
150, 184, 129,
179, 213, 124,
459, 270, 460,
320, 231, 375,
197, 231, 142,
255, 200, 166,
166, 200, 111,
192, 137, 158,
276, 221, 187,
184, 218, 129,
278, 189, 333,
278, 223, 189,
463, 291, 346,
385, 384, 313,
247, 192, 158,
460, 270, 325,
460, 325, 461,
360, 305, 216,
250, 339, 195,
509, 305, 360,
171, 205, 116,
307, 252, 218,
260, 205, 171,
384, 383, 258,
326, 511, 271,
461, 325, 380,
380, 291, 462,
333, 189, 244,
383, 382, 347,
289, 234, 200,
200, 234, 145,
357, 247, 213,
315, 226, 370,
278, 367, 223,
463, 346, 464,
462, 291, 463,
247, 158, 213,
192, 226, 137,
184, 239, 273,
205, 239, 150,
508, 250, 305,
507, 339, 250,
354, 244, 210,
466, 312, 367,
339, 284, 195,
268, 213, 179,
382, 381, 292,
373, 318, 229,
242, 331, 187,
346, 257, 464,
318, 263, 174,
265, 210, 176,
265, 176, 320,
320, 176, 231,
381, 511, 326,
464, 257, 465,
284, 373, 229,
318, 503, 263,
505, 373, 284,
506, 284, 339,
333, 299, 469,
354, 299, 244,
466, 367, 467,
465, 257, 312,
511, 510, 271,
286, 231, 197,
470, 299, 354,
252, 163, 218,
502, 352, 263,
263, 352, 208,
221, 310, 166,
465, 312, 466,
510, 509, 360,
362, 218, 184,
367, 278, 467,
297, 331, 242,
341, 286, 197,
509, 508, 305,
467, 278, 468,
331, 276, 187,
352, 297, 242,
498, 365, 276,
501, 297, 352,
286, 375, 231,
470, 354, 471,
508, 507, 250,
373, 504, 318,
252, 341, 197,
474, 473, 375,
475, 341, 476,
468, 278, 333,
468, 333, 469,
365, 310, 221,
323, 268, 179,
310, 255, 166,
507, 506, 339,
273, 239, 328,
273, 362, 184,
469, 299, 470,
276, 365, 221,
495, 344, 255,
499, 276, 331,
294, 239, 205,
252, 307, 477,
362, 307, 218,
315, 171, 226,
315, 260, 171,
323, 179, 234,
344, 200, 255,
344, 289, 200,
506, 505, 284,
226, 192, 281,
378, 323, 234,
496, 255, 310,
354, 265, 471,
349, 294, 205,
302, 357, 489,
268, 357, 213,
281, 192, 336,
260, 349, 205,
336, 192, 247,
505, 504, 373,
297, 500, 331,
302, 336, 247,
471, 265, 472,
482, 349, 483,
480, 328, 481,
294, 328, 239,
478, 307, 362,
504, 503, 318,
289, 378, 234,
323, 491, 268,
493, 378, 289,
472, 265, 320,
472, 320, 473,
320, 375, 473,
281, 370, 226,
482, 294, 349,
485, 370, 486,
503, 502, 263,
357, 302, 247,
485, 315, 370,
490, 357, 268,
375, 286, 474,
502, 501, 352,
365, 497, 310,
474, 286, 475,
501, 500, 297,
344, 494, 289,
475, 286, 341,
341, 252, 476,
500, 499, 331,
476, 252, 477,
499, 498, 276,
477, 307, 478,
498, 497, 365,
478, 362, 479,
497, 496, 310,
378, 492, 323,
479, 273, 480,
479, 362, 273,
496, 495, 255,
328, 294, 481,
480, 273, 328,
495, 494, 344,
481, 294, 482,
494, 493, 289,
349, 260, 483,
493, 492, 378,
260, 315, 484,
483, 260, 484,
315, 485, 484,
492, 491, 323,
281, 486, 370,
491, 490, 268,
488, 336, 302,
490, 489, 357,
486, 281, 487,
489, 488, 302,
487, 281, 336,
488, 487, 336,
]