vertices = [
0.0180505328729699,
-0.0011385377629809,
-0.0764631416589974,
0.0873989331342480,
-0.0007216547509536,
-0.1254285675364003,
0.0703781716648560,
0.1167108779991985,
-0.1233107926124794,
-0.0314225426523063,
0.1209652640627511,
-0.0863891597316632,
-0.0270990650671357,
0.1895485999325981,
-0.1052379129620957,
-0.1586564716652200,
0.1587320841222860,
0.0388650845346699,
-0.1998175250890100,
0.0876887714740236,
0.0862919978024331,
-0.2151202693584841,
0.0843039083312642,
0.2376138352331764,
-0.2179787814082307,
-0.1239693278615489,
0.2432225682557969,
-0.0550815854146521,
-0.1467588946186824,
0.2147247776082217,
-0.0351885638035006,
-0.2654980207040756,
0.1988589438900971,
0.1719854434670710,
-0.2648674779674999,
-0.0111161886504523,
0.2087805822849788,
-0.1773412339026263,
-0.0389584685380497,
0.2978802688449630,
-0.1706158155265676,
-0.2485515474420828,
0.2789051983214739,
0.0675954966499237,
-0.2619192402862222,
0.1872823574603405,
0.0719695916270178,
-0.3342076780461810,
0.1759620085148033,
0.3017943244722996,
-0.3354047523009620,
-0.1128594616856942,
0.3234241507169844,
-0.1447986996913521,
-0.1453202082960080,
0.3396030686702082,
-0.1259932450549183,
-0.3523302416233823,
0.3269486668189853,
0.1727131259246315,
-0.3375112814567648,
0.0924957351299442,
0.1839820903812548,
-0.2924339451332679,
0.0630695578986912,
0.3529045672112091,
-0.2858391316863171,
-0.2216177636799138,
0.3568579079206803,
-0.0278236387446598,
-0.2496116499274201,
0.2979430923869577,
-0.0226053477367758,
-0.3918865000605944,
0.2805818084827513,
0.2726407805116841,
-0.3882085277212474,
-0.0149205180944952,
0.2994703338662444,
-0.2577775609527649,
-0.0475531884508284,
0.4080161461840301,
-0.2422164918142882,
-0.3344665504759939,
0.3981839277766657,
0.0819889390315240,
-0.3647095932439280,
0.2047540169960055,
0.1636220181327458,
-0.4030780154490454,
0.1543128637377242,
0.4132735067500329,
-0.3969118566888101,
-0.2021983129706123,
0.4271398805734181,
-0.1165999911317391,
-0.2331514155579159,
0.4072251448192489,
-0.1061445138292148,
-0.4613177645753561,
0.3889730758943800,
0.2662732113052709,
-0.4506096893145580,
0.0664724398629307,
0.2722030069029601,
-0.3589640365283158,
0.0422525791331504,
0.4570649727055964,
-0.3417890202893604,
-0.3109678543192886,
0.4604654094593113,
-0.0012670722005787,
-0.3544761429892401,
0.2978974457020818,
0.0708664174495172,
-0.4509518352734581,
0.2545897524959227,
0.3824907741435291,
-0.4486927963170915,
-0.1060297820210643,
0.4018927917458742,
-0.2257233547889532,
-0.1397959427170798,
0.4526141685404570,
-0.2054358977584462,
-0.4307096569909675,
0.4408639385986900,
0.1766194589214370,
-0.4473988500045020,
0.1644648868589823,
0.2432378399780665,
-0.4552874743950114,
0.1282432341875846,
0.5035889418371906,
-0.4347108495579639,
-0.2865700027074790,
0.5143806620818505,
-0.0824052514119397,
-0.3265939639913616,
0.3883853166966770,
-0.0176683359797481,
-0.5032340700136414,
0.3528257587537452,
0.3582503533431531,
-0.5049966086141091,
-0.0156585075266181,
0.3803703122344782,
-0.3349154881168980,
-0.0518385151560161,
0.5157003404526660,
-0.3110766042251240,
-0.4166321337627203,
0.5096695023886908,
0.0957706369424087,
-0.4534670771444698,
0.2749770046189488,
0.1529702368989315,
-0.5129125397105246,
0.2355656775665455,
0.4833381550400738,
-0.5014529956835073,
-0.1942964915840336,
0.4984802390836205,
-0.1921189085630806,
-0.2285320613158350,
0.5026167614412030,
-0.1738816159022664,
-0.5268051860846951,
0.4837809189916730,
0.2690205538684224,
-0.5329333268442492,
0.1125689110773054,
0.3354018825115311,
-0.4310346203435535,
0.0449928504110790,
0.5506847538699041,
-0.4071772826441706,
-0.3778754577548830,
0.5549745044061167,
0.0036648125768334,
-0.4187645413127540,
0.3695360432133241,
0.0616251802386804,
-0.5509260887960594,
0.3278942437277867,
0.4488365281552148,
-0.5453865474285872,
-0.1050748470403236,
0.4703542463718255,
-0.2915035083816269,
-0.1474714393208944,
0.5457908324801740,
-0.2629013867355294,
-0.5038538064224056,
0.5337082509381990,
0.1925622676382991,
-0.5250294278197285,
0.2143667179140605,
0.2403906959288458,
-0.5373343475141622,
0.1868057009976425,
0.5590885014709470,
-0.5138921760318444,
-0.2834708663261373,
0.5712381744304769,
-0.1400885668001786,
-0.3144938090810422,
0.4777617981353504,
-0.0908031340722795,
-0.5638073393890211,
0.4466746499775155,
0.3525982986288591,
-0.5783225157130419,
0.0417978795480721,
0.4155463597569630,
-0.4233718932866287,
-0.0150528429413822,
0.6030365975416921,
-0.3946547780531577,
-0.4542749389118884,
0.6005962916452859,
0.0682388390723747,
-0.4996077319317263,
0.3599424341982433,
0.1252668104052349,
-0.6040523807268290,
0.3177116479973973,
0.5310798158491342,
-0.5936663415022332,
-0.1747397385705253,
0.5486454275403605,
-0.2668091716079666,
-0.2264625662986982,
0.5864814891182100,
-0.2314393928419393,
-0.5863898478807417,
0.5671904254820412,
0.2752231278985362,
-0.5907729159329879,
0.1703161826514374,
0.3173955791057405,
-0.5169321841590793,
0.1166760875434821,
0.5983016097194481,
-0.4896094055477990,
-0.3633859952393982,
0.6061651289853035,
-0.0647323755883719,
-0.3956500933707958,
0.4567901147928061,
-0.0176318104987117,
-0.6006809118309852,
0.4177070945825379,
0.4310141546914525,
-0.6015405546202590,
-0.0368635768776123,
0.4769603039769313,
-0.3742709746647731,
-0.0914469974255155,
0.6058327738763050,
-0.3442326814563912,
-0.5102449447845007,
0.5984989597218343,
0.1424514106527567,
-0.5462173511401179,
0.2945196448189004,
0.2022384854813156,
-0.5972293774340388,
0.2557995345788965,
0.5767517108502859,
-0.5784514186307452,
-0.2505905814344171,
0.5969445484430128,
-0.2083499243228421,
-0.3021327190381944,
0.5561943403059626,
-0.1531075154396942,
-0.6141075715166268,
0.5270040450651605,
0.3470849761049901,
-0.6313480135884093,
0.1044502440757887,
0.3967344639895203,
-0.5027057831439431,
0.0508162613017942,
0.6437721617294974,
-0.4722404528619092,
-0.4469839928970651,
0.6479775693476768,
0.0074123550410401,
-0.4742691480338898,
0.4361793098583525,
0.0517357630627466,
-0.6382990680597834,
0.3935017810304924,
0.5073755213151152,
-0.6349919129167083,
-0.1088960600830430,
0.5537348768330066,
-0.3415631246585373,
-0.1669371345179396,
0.6301852189107751,
-0.3054193403256552,
-0.5785605464698126,
0.6157720379048697,
0.2187999461525862,
-0.6105067450380154,
0.2457685908674404,
0.2898188633260320,
-0.5987016219275391,
0.1908685246105063,
0.6367960136702639,
-0.5695170776297541,
-0.3373719290169293,
0.6482860974306397,
-0.1374727163605649,
-0.3818383303969275,
0.5389118831688617,
-0.0830206823674839,
-0.6566472121396719,
0.5015526137996380,
0.4259802369821249,
-0.6607350878936212,
0.0208414365084639,
0.4803210500119575,
-0.4612533893445311,
-0.0423381533112452,
0.6716230373573135,
-0.4256311026680896,
-0.5200732983910131,
0.6692425313069302,
0.0976249180457371,
-0.5718123143628501,
0.3686248156583256,
0.1742633144191791,
-0.6635104465017825,
0.3219733429730172,
0.6068837874027079,
-0.6478170092022433,
-0.2290094667807271,
0.6223158838274366,
-0.2794790813453094,
-0.2849453882686656,
0.6283254881801181,
-0.2145355146100847,
-0.6557001167585135,
0.6019172400348606,
0.3388992467803488,
-0.6588971345327927,
0.1804769605548693,
0.3645510869885422,
-0.5744563265657251,
0.1204259951036168,
0.6727190642861383,
-0.5400309516010960,
-0.4141061631031933,
0.6782511023759462,
-0.0617361727611920,
-0.4555391611083885,
0.5068162182736565,
-0.0115241086466082,
-0.6796640478451201,
0.4650188998560147,
0.4947840013814767,
-0.6802038636212372,
-0.0531340007850991,
0.5410497540957191,
-0.4155282724829777,
-0.1166405553757973,
0.6786126417199997,
-0.3762594449500642,
-0.5785713997573102,
0.6686598387824477,
0.1716055594784257,
-0.6204920968049247,
0.3151700054619115,
0.2443354711547130,
-0.6556161660188341,
0.2640286182167318,
0.6469564895137344,
-0.6316656801651377,
-0.2979758353618522,
0.6651053989821796,
-0.2088964742179864,
-0.3536930877052792,
0.6066075496096927,
-0.1482215330200598,
-0.6864047201270596,
0.5717132671574221,
0.4028883692389183,
-0.6940125374516304,
0.0809096052579029,
0.4593075817439118,
-0.5269878830668685,
0.0171878868613432,
0.7017205540262387,
-0.4903461140922775,
-0.5182041740470917,
0.7064896294568166,
0.0439792495036357,
-0.5446096690843041,
0.4320616056241081,
0.1077330385594978,
-0.6817685882814293,
0.3839641302845815,
0.5767820770399551,
-0.6751437132248530,
-0.1664749855057228,
0.6253332028051817,
-0.3418707977513244,
-0.2283382100214065,
0.6659606348283146,
-0.2824351277513232,
-0.6458000268926690,
0.6443572550060477,
0.2839469569016006,
-0.6777428445550729,
0.2423909563377581,
0.3490609833357701,
-0.6348256605998076,
0.1715672257115282,
0.7043391140794554,
-0.5999091792375553,
-0.3972634993589195,
0.7106970371733498,
-0.1151804713223555,
-0.4452505420359739,
0.5678156037273222,
-0.0560348622278900,
-0.7255620908729761,
0.5245567052413431,
0.4970163208036272,
-0.7254105161574748,
-0.0136179423422972,
0.5461315019936099,
-0.4778771599904894,
-0.0799790115533202,
0.7257771198803251,
-0.4385279305753541,
-0.5810071975010005,
0.7202728326422748,
0.1384853025694879,
-0.6326440776647834,
0.3747026034610369,
0.2153033932389732,
-0.7124403461365573,
0.3230785252399780,
0.6707738445759304,
-0.6907430220180473,
-0.2771463965646185,
0.6818396212998429,
-0.2659466962931821,
-0.3331547559553129,
0.6636285479340933,
-0.2016614479921570,
-0.7136895031503813,
0.6338335990857890,
0.3920292860740650,
-0.7061533285870857,
0.1403176523849643,
0.4273795804222219,
-0.5795074902459033,
0.0767782897526609,
0.7187308085768292,
-0.5393228064172700,
-0.4804088749898732,
0.7224507069605633,
-0.0136615479875720,
-0.5227024526159962,
0.4937290814762226,
0.0471739996818357,
-0.7123826206949246,
0.4495076278840049,
0.5588207562484149,
-0.7113438126517625,
-0.1110129933484451,
0.6034824901186303,
-0.3977542995797956,
-0.1779248158683021,
0.7022010209916881,
-0.3445665868624518,
-0.6381404540816421,
0.6848998114875555,
0.2361837878425028,
-0.6779017111301837,
0.3000263280844738,
0.3043715955946634,
-0.6700929011247455,
0.2271908448408548,
0.6961170621257536,
-0.6387705420444544,
-0.3588010606401553,
0.7130826932172757,
-0.1709610177174583,
-0.4111358309997819,
0.6149045354779213,
-0.1131485240078814,
-0.7331901264160964,
0.5682301701646277,
0.4639908578256179,
-0.7346632310952820,
0.0407951804255841,
0.5172606594096574,
-0.5255243841901924,
-0.0261137456868331,
0.7420572886417320,
-0.4945544811793505,
-0.5761050516590095,
0.7440306370476300,
0.0871818989896578,
-0.6062675182026248,
0.4293329201915100,
0.1551941654872545,
-0.7238106362018678,
0.3757506075381646,
0.6395809200421185,
-0.7102757241670383,
-0.2187449429970417,
0.6828863805468114,
-0.3251446942052463,
-0.2804069072266490,
0.6945286139173582,
-0.2626183398846040,
-0.7018213411225621,
0.6668557482793362,
0.3385119505175544,
-0.7218525984170959,
0.2015599495106816,
0.4046416847871402,
-0.6377359487303519,
0.1341860346980065,
0.7457755243617827,
-0.5959056616754098,
-0.4524766335122176,
0.7457679527367209,
-0.0717870641733184,
-0.5044361484668359,
0.5564112823157316,
-0.0020290606525119,
-0.7495435954443107,
0.5125565225661133,
0.5532968339067863,
-0.7532601378999432,
-0.0628494615301716,
0.5975690216877420,
-0.4596123893672132,
-0.1322617226174585,
0.7456009333345427,
-0.4075084699067452,
-0.6350978494261066,
0.7310183554073436,
0.1932566612523151,
-0.6826074059498540,
0.3584867288138295,
0.2701353190023369,
-0.7150103470866456,
0.2839833482668745,
0.7085241728793437,
-0.6882736191958723,
-0.3314588820316248,
0.7286427667539456,
-0.2284443208506726,
-0.3847748930698874,
0.6692615895975014,
-0.1680969285853660,
-0.7543273621073807,
0.6213616091180737,
0.4451538536337190,
-0.7529654644514051,
0.1010154476283028,
0.4912141881597718,
-0.5816571350846799,
0.0298633708564984,
0.7633535256990345,
-0.5471198084781885,
-0.5429110619597504,
0.7681923099242493,
0.0302392836994774,
-0.5870074048963861,
0.4848028786617438,
0.0983880595249806,
-0.7454848207638390,
0.4325463997555517,
0.6179617160294463,
-0.7397520630864165,
-0.1665256620029809,
0.6672158684813495,
-0.3859229129045090,
-0.2340309563283385,
0.7321024776747540,
-0.3226532765033195,
-0.6975679188759496,
0.7093789076355729,
0.2943905082696802,
-0.7291286807660362,
0.2672528404409389,
0.3598016099449432,
-0.6898462856959047,
0.1995558556378008,
0.7518937685979047,
-0.6513216992681463,
-0.4213881214378712,
0.7643468978748764,
-0.1311717279377056,
-0.4699459005338956,
0.6167674355888833,
-0.0756825968761766,
-0.7777401472686531,
0.5732647866816766,
0.5251743363994692,
-0.7787752660725673,
0.0015955384703018,
0.5764362742778862,
-0.5239761370311727,
-0.0730179572567940,
0.7771983846643146,
-0.4641407745764847,
-0.6266632848685415,
0.7717270295640395,
0.1378817571304569,
-0.6610239103229220,
0.4171772600116671,
0.1951709900616022,
-0.7607806499249621,
0.3689221372616285,
0.6937505235687299,
-0.7394242232122261,
-0.2649989787738098,
0.7271334311290970,
-0.2871511104887587,
-0.3324075525352299,
0.7118400545235034,
-0.2344670120989958,
-0.7490664785930733,
0.6836138847020476,
0.3889450585459983,
-0.7600801536258140,
0.1598780720900453,
0.4585927077158023,
-0.6274367058990163,
0.0866978582173888,
0.7731291225802367,
-0.5904967517180867,
-0.5052939376771648,
0.7765199167209640,
-0.0281136530903211,
-0.5569313614947463,
0.5381429702335125,
0.0486454901472172,
-0.7722328767432869,
0.4873733611414636,
0.6033800396360556,
-0.7682256556428795,
-0.1160424208004837,
0.6435941461083828,
-0.4356743794505040,
-0.1835658666981607,
0.7559916875724996,
-0.3786787345775937,
-0.6802241301281029,
0.7381009940888402,
0.2451851582952101,
-0.7250248232855103,
0.3241500821654246,
0.3194963848589573,
-0.7241759755775941,
0.2499702434636190,
0.7437655425023553,
-0.6865379347415220,
-0.3814634073232722,
0.7616833261363100,
-0.1862727416570890,
-0.4360936050366913,
0.6630690602711867,
-0.1258780008670273,
-0.7876613692854367,
0.6158072266694983,
0.4944918380183566,
-0.7829905977181059,
0.0577327200534502,
0.5422883011751788,
-0.5689774975863684,
-0.0168392363408593,
0.7917607055214461,
-0.5396584300606406,
-0.5958288640796143,
0.7930466350911853,
0.0816860590247647,
-0.6430064986032699,
0.4680332343570099,
0.1426832778761724,
-0.7745101727664450,
0.4181363053163220,
0.6690349439811337,
-0.7619054549419133,
-0.2151960948674514,
0.7148732881457277,
-0.3657221221167948,
-0.2892701106868001,
0.7443647001608800,
-0.2887415310163333,
-0.7452463119253706,
0.7174648586730614,
0.3476670743537300,
-0.7628226296943282,
0.2268106792991607,
0.4075212089049663,
-0.6887793963664063,
0.1667112598851218,
0.7869149466915821,
-0.6409415859044583,
-0.4738772102571661,
0.7941892293682261,
-0.0844665854544468,
-0.5174538688115835,
0.6053776277073132,
-0.0278958224506150,
-0.7918778284230061,
0.5606531785617448,
0.5719565180690765,
-0.8005628300916091,
-0.0421786276935501,
0.6225476632710264,
-0.5009369988207842,
-0.1228354471344529,
0.7926417359344686,
-0.4414125412076312,
-0.6724543638138942,
0.7778982638836548,
0.1913159851886254,
-0.7048015074596199,
0.4071841093317504,
0.2473344375363740,
-0.7590713577140706,
0.3282800231606653,
0.7284214237623005,
-0.7342552922178843,
-0.3181375608355018,
0.7665016892432595,
-0.2577525998387465,
-0.3769191798461431,
0.7202801158486052,
-0.2087675766656565,
-0.7864096264401645,
0.6690809564636389,
0.4385367642819476,
-0.7959090747923954,
0.1203043333772653,
0.5088072625724733,
-0.6275144341655133,
0.0519550181744198,
0.8065022957678445,
-0.6002674144973780,
-0.5505073594713924,
0.8127152622093364,
-0.0004503469320925,
-0.6043799583681434,
0.5319346277941972,
0.0942052721454423,
-0.7973095940979805,
0.4706231304544932,
0.6521480893680250,
-0.7890550828204983,
-0.1612904214523617,
0.6882114384575633,
-0.4369366247676951,
-0.2158155587885806,
0.7857655408543766,
-0.3704397803684873,
-0.7249080373610730,
0.7624028946770081,
0.2825970180724702,
-0.7628931619957556,
0.3030844907751228,
0.3561885620855381,
-0.7404604800238627,
0.2439241230694602,
0.7837874304207814,
-0.7051318530211809,
-0.4172274502914951,
0.8003839143593097,
-0.1685350605234567,
-0.4773319602393028,
0.6631673076941473,
-0.0974788204853729,
-0.8217846150328925,
0.6239802617089815,
0.5340674368207193,
-0.8187384801939501,
0.0325139813548454,
0.5844540993037953,
-0.5742760987569308,
-0.0483152142123523,
0.8184759992872455,
-0.5115561823824215,
-0.6286489073466226,
0.8142220917634229,
0.1191626779376625,
-0.6858684552022059,
0.4540806062032368,
0.1786178267602527,
-0.8025435548806154,
0.4090978748075506,
0.7133523827340670,
-0.7823244869947201,
-0.2542005230603127,
0.7398087060928006,
-0.3318993252660647,
-0.3351117475985744,
0.7527190970570659,
-0.2605137799893958,
-0.7815834418821873,
0.7270607752561736,
0.3883337202952676,
-0.7906984319033976,
0.1968583180151192,
0.4466841365497019,
-0.6760270322022454,
0.1280882394580143,
0.8009149610798829,
-0.6349171382088653,
-0.5188784840555822,
0.8189161806999771,
-0.0480470233856695,
-0.5554551727010937,
0.5892594485405787,
0.0137379826067925,
-0.8079423853532586,
0.5370250917026045,
0.6059615019969035,
-0.8063553895580825,
-0.0836774101155010,
0.6619018669466643,
-0.4782323372844388,
-0.1665852666663626,
0.7993295976815811,
-0.4160825808882126,
-0.7059771756958533,
0.7827333399426396,
0.2365991214644962,
-0.7294592852869569,
0.3705091510174317,
0.2956703205810074,
-0.7615911220247180,
0.2923721755734208,
0.7627062152622553,
-0.7303424067872257,
-0.3663194367689043,
0.7881487925073809,
-0.2213368706843217,
-0.4202213873855193,
0.7048608491372871,
-0.1667633059962531,
-0.8035920753288220,
0.6593471790249205,
0.4843539855387271,
-0.8173578663843454,
0.0836104235966169,
0.5469171672050170,
-0.6114446147192018,
0.0139294638268348,
0.8204394468369598,
-0.5772309862112625,
-0.5847137147862991,
0.8167997277031978,
0.0432627586292980,
-0.6383663713091665,
0.5106478550429693,
0.1326440741610492,
-0.8157628573474999,
0.4536822679915776,
0.6908225944656018,
-0.7999005070898562,
-0.2008010070297631,
0.7149976445658921,
-0.4055017030085655,
-0.2580734725823187,
0.7767135700595448,
-0.3327952601740899,
-0.7469137234753406,
0.7527020007127609,
0.3251568383102755,
-0.7796782743342390,
0.2641433436866418,
0.3932829109280484,
-0.7267016492965679,
0.2054427881575376,
0.7992022617851059,
-0.6842300406884638,
-0.4549760066823954,
0.8110710940029561,
-0.1262030796542438,
-0.5134027547670700,
0.6454616456349165,
-0.0555214177927592,
-0.8220166820247852,
0.6008051973663336,
0.5668987122022690,
-0.8254303813359808,
-0.0097278400139417,
0.6172631818803433,
-0.5459161042845154,
-0.0896107637625501,
0.8195231923668023,
-0.4863935495773926,
-0.6657510262105421,
0.8094123355577162,
0.1630294799479312,
-0.7246359854001353,
0.4434354779078909,
0.2232165612463562,
-0.7956710010745999,
0.3709707443914512,
0.7379363661188133,
-0.7706370678592326,
-0.2963802819911045,
0.7700505276785502,
-0.3000358392631576,
-0.3733901953878592,
0.7624557978161299,
-0.2387452591256332,
-0.8150783170432619,
0.7093828708852598,
0.4253266573552468,
-0.8080003395501705,
0.1605837992357730,
0.4875394014503908,
-0.6649485448593579,
0.0909270844204593,
0.8206601849303872,
-0.6403096342830379,
-0.5594931467454815,
0.8494714438585336,
-0.0217654635632486,
-0.5925120639656614,
0.5716548547444230,
0.0555139979423695,
-0.8195570809903090,
0.5144157416568385,
0.6427914024125694,
-0.8149739984174567,
-0.1258125990270532,
0.7047412202825026,
-0.4734538857487547,
-0.2020131946453488,
0.8238801982704422,
-0.4063206172230012,
-0.7455684372935570,
0.8027323761891292,
0.2748780103513921,
-0.7669023789570825,
0.3477285653681688,
0.3378935117775526,
-0.7752815628531582,
0.2755927204202576,
0.8036344877215407,
-0.7427451964218600,
-0.4083174704131739,
0.8243500473552938,
-0.1995239950638818,
-0.4676932631179599,
0.7022826381285507,
-0.1311041993188339,
-0.8359530896267127,
0.6621115113476034,
0.5277955217312656,
-0.8484763790094382,
0.0567560643812689,
0.5879938191551451,
-0.6129594051985999,
-0.0204537678835906,
0.8460625752284824,
-0.5555830811922693,
-0.6365904558541826,
0.8393855794490219,
0.0811305769566887,
-0.6796882062873861,
0.4999751368900842,
0.1654880251133709,
-0.8368434942989443,
0.4420118470479347,
0.7285678648707772,
-0.8150644634739348,
-0.2389233325271531,
0.7588157227787283,
-0.3719536129706585,
-0.3044780992646627,
0.7850360900102332,
-0.3055576498282925,
-0.7864301447044276,
0.7603144504687079,
0.3714093330512957,
-0.8117854467102905,
0.2320445702374485,
0.4387334952506310,
-0.7226397123442712,
0.1648569188854361,
0.8305626638100905,
-0.6760765534246596,
-0.4988438481743266,
0.8386991879984103,
-0.0904426108360863,
-0.5559426014717719,
0.6350079609864963,
-0.0136006819125716,
-0.8414708852858582,
0.5844119379931337,
0.6108590777588426,
-0.8439888966533650,
-0.0555590108408458,
0.6574386690387644,
-0.5247640537924240,
-0.1313625277762618,
0.8346501017550479,
-0.4683663971431868,
-0.7051212560203289,
0.8182342549197770,
0.2078310989309199,
-0.7455984694355069,
0.4120214885077771,
0.2696440895975733,
-0.7964491352033793,
0.3374323859336460,
0.7704120574247681,
-0.7710729951249408,
-0.3424450133333665,
0.8038565637788831,
-0.2706724024272860,
-0.4089979209089337,
0.7465606385447270,
-0.2021330292189153,
-0.8276305446772897,
0.7014286875888968,
0.4683906883373603,
-0.8372641125629399,
0.1277106742591795,
0.5308379724738896,
-0.6615467199253087,
0.0542223040705777,
0.8468021727633898,
-0.6163942877527681,
-0.5893934000237357,
0.8501962354243776,
0.0140859538245130,
-0.6358777086736257,
0.5594143274992769,
0.0936542326698019,
-0.8410516506153198,
0.5004601447238040,
0.6835401649753444,
-0.8312462377292350,
-0.1668749331847931,
0.7292964315811447,
-0.4429290403923449,
-0.2409412310824624,
0.8176275680596300,
-0.3734418631443138,
-0.7657574082436220,
0.7922717113241178,
0.3099003911974142,
-0.8029857453450499,
0.2959391023601460,
0.3806078552334513,
-0.7673351652489027,
0.2383656947992880,
0.8219809738649346,
-0.7275114644028173,
-0.4473414368571294,
0.8382051170430023,
-0.1615113960138964,
-0.5048463408225788,
0.6875049046881805,
-0.0799279084713332,
-0.8527930677041611,
0.6425496764546373,
0.5661023946789764,
-0.8552042748276406,
0.0169657847461879,
0.6205215576755041,
-0.5875427114145186,
-0.0616412683461190,
0.8528445969848164,
-0.5297468400970327,
-0.6647057721227422,
0.8438383464023381,
0.1463339493658622,
-0.7108303074091227,
0.4792202543100029,
0.2052385778523410,
-0.8305094604739404,
0.4078434054341509,
0.7519576297249561,
-0.8083440256262254,
-0.2808230056654469,
0.7797309096281886,
-0.3402152186134488,
-0.3415126182890029,
0.7868035606647794,
-0.2777504179554606,
-0.8115713463595093,
0.7498930295234822,
0.4143457916251784,
-0.8306130666664001,
0.1982895990558464,
0.4730102026261576,
-0.7065938662511646,
0.1285947210041269,
0.8413281683365323,
-0.6691013348035884,
-0.5341636735206355,
0.8547564168312093,
-0.0579249294612551,
-0.5895384902656361,
0.6145750424918806,
0.0237221203356162,
-0.8502487130146164,
0.5595163647315295,
0.6396011900465599,
-0.8455806801236511,
-0.0938266089839343,
0.6884945047526246,
-0.5070518916087603,
-0.1672741217342341,
0.8381696654620132,
-0.4423096484462778,
-0.7317573480047898,
0.8205615798397929,
0.2439578735324237,
-0.7646372852472546,
0.3824589650814360,
0.3068293804289035,
-0.7983670385147973,
0.3118733933872310,
0.7964938433009394,
-0.7665690177199543,
-0.3791336263354831,
0.8215050814623160,
-0.2377570730835929,
-0.4454104364943238,
0.7310318211706611,
-0.1656046983430137,
-0.8395306791554202,
0.6919490189221739,
0.5037193077128865,
-0.8516041325310718,
0.0947403370050643,
0.5636030805138906,
-0.6437341578237025,
0.0169373666356529,
0.8562014026150452,
-0.5878855286207063,
-0.6197746762119415,
0.8547196234650521,
0.0482140606210607,
-0.6649580635622555,
0.5370913214500050,
0.1290766175056475,
-0.8492339455897046,
0.4776610154790660,
0.7136831328428094,
-0.8331420674464795,
-0.2055506326716215,
0.7511948050820384,
-0.4073163987129174,
-0.2779021953475140,
0.8084578906222184,
-0.3413196556647848,
-0.7827521323112896,
0.7844756127705774,
0.3445953917365713,
-0.8164663866578763,
0.2653386018044989,
0.4158919684279387,
-0.7514111544357518,
0.2005240923602914,
0.8331683840688183,
-0.7081773385088406,
-0.4819189165471522,
0.8462876833964276,
-0.1258008737018221,
-0.5374761205413466,
0.6694132612871599,
-0.0447009432676695,
-0.8556021000801808,
0.6178202234953482,
0.5961585344008818,
-0.8572050869480310,
-0.0221278339329780,
0.6495185489762915,
-0.5596646797293473,
-0.0987031964874754,
0.8514045591399112,
-0.5061515799027674,
-0.6933895570068626,
0.8399195449402879,
0.1810048921181059,
-0.7576576795854212,
0.4482091213148591,
0.2454864231806943,
-0.8221149824802331,
0.3727973233693375,
0.7722905248114962,
-0.7966610027103255,
-0.3168111981750248,
0.8016725408816496,
-0.3093750799758987,
-0.3951975738092481,
0.7864691301477398,
-0.2360372145233194,
-0.8478987787470409,
0.7318431543399431,
0.4492110768245346,
-0.8414684880260783,
0.1636165529011170,
0.5071125251044776,
-0.6928003285634196,
0.0929106225629988,
0.8539642828029070,
-0.6573445160065672,
-0.5863954805891392,
0.8804843557432233,
-0.0071879666516359,
-0.6193016553372876,
0.5920288829537250,
0.0593607972716651,
-0.8542597939520722,
0.5373742527661498,
0.6689174555688632,
-0.8485501805868081,
-0.1313360668494284,
0.7365020029641872,
-0.4817100793983886,
-0.2216918514167025,
0.8512800892123769,
-0.4083721293432871,
-0.7795249496462880,
0.8266779153930101,
0.3024496018052029,
-0.7926581187323692,
0.3268597672500766,
0.3623382093467271,
-0.8003883243024157,
0.2722863450608800,
0.8368311041522444,
-0.7637619962310939,
-0.4352482088745089,
0.8583592820123107,
-0.1917871360586890,
-0.5060816621698436,
0.7198267140774692,
-0.1089959500236803,
-0.8683229424009280,
0.6792571569910314,
0.5578220746985703,
-0.8791939052542229,
0.0454921885664148,
0.6190461706932803,
-0.6251204156665890,
-0.0374848990967181,
0.8783152462507821,
-0.5627060196948992,
-0.6757020889108187,
0.8504675648010435,
0.1132117101900951,
-0.7134693506562337,
0.5139843405169092,
0.1837809285207821,
-0.8617174422019659,
0.4432074108415052,
0.7607493491420685,
-0.8388775403683409,
-0.2645313385495556,
0.7990267121155981,
-0.3680692369190107,
-0.3206505306425414,
0.8168344725711999,
-0.3110904239665047,
-0.8221054342422787,
0.7822387177992689,
0.3997082717059707,
-0.8472964366346571,
0.2318348437257579,
0.4703129295544627,
-0.7426719561350588,
0.1545617306841309,
0.8659631598061771,
-0.7048717430454222,
-0.5211262700096569,
0.8746412027980294,
-0.0868469664835690,
-0.5891569038686824,
0.6514909683043181,
-0.0019410189291817,
-0.8774462905507419,
0.5952786601058357,
0.6467365770436545,
-0.8761744918555112,
-0.0745745122493455,
0.6867766637386367,
-0.5454719505012960,
-0.1440826487476917,
0.8672000131909579,
-0.4767347430810998,
-0.7395721561472380,
0.8498791346615440,
0.2243911195384165,
-0.7850776161480767,
0.4036642218231707,
0.2839770830762416,
-0.8296609032720357,
0.3479904387715622,
0.8051893359235505,
-0.7996357584885042,
-0.3641850720126441,
0.8385497100237431,
-0.2683281174325972,
-0.4405447883452215,
0.7628355822121931,
-0.1871113888861273,
-0.8614642097439856,
0.7280324256657528,
0.4908736442864925,
-0.8710555578197097,
0.1256480062154620,
0.5604892355655123,
-0.6790267745782728,
0.0420306529554350,
0.8795445629717861,
-0.6214944146403109,
-0.6234886639352590,
0.8836374126819944,
0.0465545315621823,
-0.6649892412077474,
0.5759580135249532,
0.1047651219726905,
-0.8739132696244011,
0.5105912657839097,
0.7175393582850036,
-0.8604469466192213,
-0.1874285290480504,
0.7636125550982151,
-0.4381532473070002,
-0.2714704649821605,
0.8387557164398505,
-0.3627101356866271,
-0.8042024854118290,
0.8114674527796660,
0.3543494642142628,
-0.8344120860919979,
0.2909789598821497,
0.4166763591449087,
-0.7791744612513556,
0.2194151885456258,
0.8549646408576611,
-0.7391983686298192,
-0.4804103356658827,
0.8712788472854938,
-0.1414388300331308,
-0.5536164614720954,
0.6919452166972164,
-0.0571451808183979,
-0.8815757207005857,
0.6446539963629989,
0.6040628520654197,
-0.8827885976265812,
-0.0095061471995522,
0.6559733217266841,
-0.5892927266180963,
-0.0899116815562134,
0.8785916560082636,
-0.5243134958687111,
-0.7144559831402182,
0.8678634830115695,
0.1667983605524476,
-0.7439149308744948,
0.4718881551734940,
0.2338832203517219,
-0.8501903619748161,
0.3987985305670957,
0.7867954839482766,
-0.8250757853632269,
-0.3151085625859751,
0.8264739884935015,
-0.3207787517141572,
-0.3710852075342803,
0.7988726092493973,
-0.2623484556429530,
-0.8409497918946506,
0.7612019239153138,
0.4471093772714895,
-0.8643620483012299,
0.1810818394934382,
0.5208514295228562,
-0.7166745924186264,
0.0970185066081021,
0.8807460370761088,
-0.6754154660381311,
-0.5659679045543830,
0.8805608001700336,
-0.0348614761437668,
-0.6295654160120712,
0.6188808044367302,
0.0502925107674641,
-0.8817073907661395,
0.5567380108690095,
0.6890036833055805,
-0.8756206457656168,
-0.1345093425170348,
0.7218654631484949,
-0.5049080102880714,
-0.1954052899869148,
0.8585876225357931,
-0.4327299082157930,
-0.7667886175326835,
0.8362804388140581,
0.2765645519619742,
-0.8082674774097615,
0.3518116826318840,
0.3366520332893222,
-0.8132121279490734,
0.2994143512859762,
0.8285977899718476,
-0.7781700447255162,
-0.4118986683566906,
0.8526125376309657,
-0.2185467207270188,
-0.4833781972508012,
0.7338434858083378,
-0.1354379758856612,
-0.8702292026269146,
0.6980990506511726,
0.5364746756429619,
-0.8780653632142977,
0.0734926190677428,
0.5995866391005259,
-0.6447644659392605,
-0.0103066509366146,
0.8797530061933151,
-0.5831071980678408,
-0.6580228933194233,
0.8766503920822407,
0.1013605168310876,
-0.6978291905521107,
0.5351702085447019,
0.1566430044662477,
-0.8679583615238146,
0.4676762742110637,
0.7473725987621855,
-0.8479300005096509,
-0.2385866346729208,
0.7870229586486190,
-0.3921066631023810,
-0.2983372215730231,
0.8312460289966798,
-0.3363072267596250,
-0.8141498664672807,
0.7960996011404571,
0.3765008002242448,
-0.8441441218254712,
0.2597204996015675,
0.4458950449438128,
-0.7602262712352040,
0.1859049217012572,
0.8617553296860377,
-0.7265401096295788,
-0.5050991908722168,
0.8742050220552871,
-0.1131371952927957,
-0.5701948044928723,
0.6702293012537064,
-0.0282273380281612,
-0.8812106712075062,
0.6188726446825276,
0.6275490958073825,
-0.8804730585507679,
-0.0434359931897598,
0.6765809647171471,
-0.5703573402715365,
-0.1183779666846435,
0.8738870906503051,
-0.4992127928087632,
-0.7251522661624550,
0.8609432682870297,
0.1989393817997483,
-0.7730921728300808,
0.4270057330354523,
0.2617298347684155,
-0.8456565741999407,
0.3744545475572727,
0.8012250676079195,
-0.8132176225795592,
-0.3414619809910523,
0.8303910500130977,
-0.2939298805080020,
-0.4187232329559777,
0.7771897819196513,
-0.2124505389934042,
-0.8575589499984335,
0.7476503139954381,
0.4723814942222969,
-0.8689601981475034,
0.1523403182461645,
0.5395324726999806,
-0.6962143655828595,
0.0694081920417778,
0.8779998758479473,
-0.6420996212081572,
-0.6068182087403089,
0.8814354054627561,
0.0201534391197873,
-0.6488692362453214,
0.5974501266893512,
0.0786003244406151,
-0.8780170732377069,
0.5320630587995849,
0.7014187257136094,
-0.8657430515028840,
-0.1605760541777588,
0.7534483802825790,
-0.4624341841043422,
-0.2473425265839600,
0.8484151060981956,
-0.3866022320553831,
-0.7942764827356594,
0.8180239234148400,
0.3288584216568308,
-0.8229871358040515,
0.3220765655494582,
0.3900079824677527,
-0.7940101111725307,
0.2477036734298146,
0.8492158689871742,
-0.7555159046845870,
-0.4598061389880411,
0.8681912718820120,
-0.1672094756803791,
-0.5304364631500156,
0.7049778673311224,
-0.0841104578623436,
-0.8814018027090316,
0.6657630635441141,
0.5824684103543273,
-0.8842802362997296,
0.0188434456847630,
0.6404129686209202,
-0.6103233027279774,
-0.0640766108463421,
0.8823992975277298,
-0.5422791578134313,
-0.6948443396379765,
0.8735361833989913,
0.1339831135797603,
-0.7335631516334390,
0.4967051142932909,
0.2093920490194243,
-0.8598141419234566,
0.4230670887279285,
0.7773716706657188,
-0.8356659394292680,
-0.2913071094116543,
0.8120347756854974,
-0.3431899376125965,
-0.3479167279493450,
0.8145705261533090,
-0.2892470842717965,
-0.8375086946758457,
0.7766135056058958,
0.4255785665501076,
-0.8595202594533840,
0.2072744954248140,
0.4962843130364537,
-0.7285420212795518,
0.1242430098152292,
0.8727821689728792,
-0.6957668791828884,
-0.5469102829892194,
0.8834835966787028,
-0.0616049058741601,
-0.6115487978454262,
0.6374126882789868,
0.0243585603421775,
-0.8825229320503963,
0.5746704475823701,
0.6682006526410607,
-0.8751535536797651,
-0.1058593809601931,
0.7087658220587023,
-0.5293039413176476,
-0.1703997347918903,
0.8682399867142400,
-0.4574037838291334,
-0.7576184264125105,
0.8484180452133090,
0.2523609716168841,
-0.7956410623067179,
0.3762764611520050,
0.3116448399091920,
-0.8278416261040420,
0.3265092059836455,
0.8224381379450529,
-0.7943392417710007,
-0.3903073448650505,
0.8505763278103405,
-0.2447397793595434,
-0.4655270393462832,
0.7528640185633053,
-0.1608839497972652,
-0.8690007512083491,
0.7184619195442782,
0.5165379453902965,
-0.8797658801782540,
0.1006546353178974,
0.5834313638412429,
-0.6657479013313264,
0.0156495963800165,
0.8853241986171305,
-0.6055977744351738,
-0.6449019780996671,
0.8761283259858366,
0.0738595283714227,
-0.6852667088807878,
0.5594604968286855,
0.1311879665628158,
-0.8767039789978592,
0.4921228491711194,
0.7372067342198316,
-0.8595246639143387,
-0.2148414277622438,
0.7801315557227639,
-0.4171208957609283,
-0.2921124620975584,
0.8567167971760877,
-0.3177321406836578,
0.8475492008449608,
-0.3430646780084135,
0.8376156563599649,
-0.3680871805216018,
0.8269251408755264,
-0.3927770348580207,
0.8154873156367870,
-0.4171119282736676,
0.8033125172485327,
-0.4410698688102375,
0.7904117483337854,
-0.4646292051697218,
0.7767966675904988,
-0.4877686462811444,
0.7624795792553472,
-0.5104672805417533,
0.7474734219841254,
-0.5327045947152786,
0.7317917571588123,
-0.5544604924701786,
0.7154487566318628,
-0.5757153125411194,
0.6984591899188044,
-0.5964498464972776,
0.6808384108507138,
-0.6166453561014045,
0.6626023436986346,
-0.6362835902439691,
0.6437674687824759,
-0.6553468014370714,
0.6243508075773997,
-0.6738177618532226,
0.6043699073311519,
-0.6916797788944985,
0.5838428252062442,
-0.7089167102779924,
0.5627881119613137,
-0.7255129786239390,
0.5412247951864096,
-0.7414535855333214,
0.5191723621073573,
-0.7567241251422422,
0.4966507419747399,
-0.7713107971408071,
0.4736802880534127,
-0.7852004192447581,
0.4502817592288271,
-0.7983804391085820,
0.4264763012467857,
-0.8108389456693310,
0.4022854276035849,
-0.8225646799109022,
0.3777310001038126,
-0.8335470450390492,
0.3528352091033725,
-0.8437761160579292,
0.3276205534555903,
-0.8532426487395318,
0.3021098201785227,
-0.8619380879778834,
0.2763260638618479,
-0.8698545755204776,
0.2502925858319441,
-0.8769849570699448,
0.2240329130939881,
-0.8833227887495415,
0.1975707770701024,
-0.8888623429266188,
0.1709300921527667,
-0.8935986133888044,
0.1441349340928753,
-0.8975273198682234,
0.1172095182419715,
-0.9006449119096671,
0.0901781776683215,
-0.9029485720792138,
0.0630653411666056,
-0.9044362185104039,
0.0358955111810997,
-0.9051065067856667,
0.0086932416622971,
-0.9049588311512995,
-0.0185168841230157,
-0.9039933250648988,
-0.0457102758081780,
-0.9022108610747528,
-0.0728623581494896,
-0.8996130500313011,
-0.0999485932353787,
-0.8962022396313744,
-0.1269445026618323,
-0.8919815122965319,
-0.1538256896540476,
-0.8869546823874110,
-0.1805678611143142,
-0.8811262927566095,
-0.2071468495762007,
-0.8745016106432130,
-0.2335386350452056,
-0.8670866229126798,
-0.2597193667061347,
-0.8588880306463837,
-0.2856653844775878,
-0.8499132430857050,
-0.3113532403940752,
-0.8401703709361420,
-0.3367597197964403,
-0.8296682190374951,
-0.3618618623114385,
-0.8184162784067465,
-0.3866369826015125,
-0.8064247176608270,
-0.4110626908660124,
-0.7937043738270223,
-0.4351169130753318,
-0.7802667425493213,
-0.4587779109196765,
-0.7661239676995596,
-0.4820243014544344,
-0.7512888304027460,
-0.5048350764243957,
-0.7357747374864877,
-0.5271896212493580,
-0.7195957093649586,
-0.5490677336539577,
-0.7027663673683523,
-0.5704496419248953,
-0.6853019205292776,
-0.5913160227790508,
-0.6672181518380333,
-0.6116480188263430,
-0.6485314039791860,
-0.6314272556115528,
-0.6292585645623399,
-0.6506358582197070,
-0.6094170508604468,
-0.6692564674300182,
-0.5890247940694476,
-0.6872722554037782,
-0.5681002231034711,
-0.7046669408920343,
-0.5466622479402341,
-0.7214248039492969,
-0.5247302425316944,
-0.7375307001399879,
-0.5023240272953999,
-0.7529700742247873,
-0.4794638512023584,
-0.7677289733145116,
-0.4561703734776132,
-0.7817940594796345,
-0.4324646449300645,
-0.7951526218040563,
-0.4083680889284075,
-0.8077925878722283,
-0.3839024820403809,
-0.8197025346792496,
-0.3590899343528215,
-0.8308716989540790,
-0.3339528694903109,
-0.8412899868865306,
-0.3085140043504709,
-0.8509479832492637,
-0.2827963285742226,
-0.8598369599065231,
-0.2568230837695611,
-0.8679488837019403,
-0.2306177425076225,
-0.8752764237182671,
-0.2042039871100243,
-0.8818129579024797,
-0.1776056882466500,
-0.8875525790502696,
-0.1508468833632200,
-0.8924901001445082,
-0.1239517549581422,
-0.8966210590428646,
-0.0969446087282770,
-0.8999417225103372,
-0.0698498516033641,
-0.9024490895930580,
-0.0426919696889637,
-0.9041408943303184,
-0.0154955061378445,
-0.9050156078023646,
0.0117149610301829,
-0.9050724395121159,
0.0389148411399430,
-0.9043113380995531,
0.0660795530840091,
-0.9027329913881341,
0.0931845475371699,
-0.9003388257631926,
0.1202053291421751,
-0.8971310048828837,
0.1471174786467077,
-0.8931124277228409,
0.1738966749715795,
-0.8882867259563098,
0.2005187171902052,
-0.8826582606721278,
0.2269595463994919,
-0.8762321184335166,
0.2531952674623792,
-0.8690141066812469,
0.2792021706023805,
-0.8610107484853314,
0.3049567528306093,
-0.8522292766499882,
0.3304357391859289,
-0.8426776271772024,
0.3556161037690265,
-0.8323644320947937,
0.3804750905514059,
-0.8212990116554694,
0.4049902339404928,
-0.8094913659139154,
0.4291393790822657,
-0.7969521656895342,
0.4529007018830669,
-0.7836927429230010,
0.4762527287324972,
-0.7697250804353472,
0.4991743559095737,
-0.7550618010988329,
0.5216448686546071,
-0.7397161564293895,
0.5436439598895704,
-0.7237020146109437,
0.5651517485700338,
-0.7070338479624471,
0.5861487976520866,
-0.6897267198589342,
0.6066161316580039,
-0.6717962711184327,
0.6265352538247887,
-0.6532587058670241,
0.6458881628200875,
-0.6341307768948322,
0.6646573690103755,
-0.6144297705161728,
0.6828259102667091,
-0.5941734909475443,
0.7003773672937600,
-0.5733802442175812,
0.7172958784682806,
-0.5520688216235083,
0.7335661541735885,
-0.5302584827490481,
0.7491734906171169,
-0.5079689380591258,
0.7641037831185432,
-0.4852203310871069,
0.7783435388564868,
-0.4620332202306584,
0.7918798890622577,
-0.4384285601726898,
0.8047006006496351,
-0.4144276829441630,
0.8167940872701669,
-0.3900522786458841,
0.8281494197839967,
-0.3653243758467001,
0.8387563361367603,
-0.3402663216758152,
0.8486052506336208,
-0.3149007616272165,
0.8576872626020637,
-0.2892506190944626,
0.8659941644356238,
-0.2633390746543269,
0.8735184490112720,
-0.2371895451180199,
0.8802533164737620,
-0.2108256623689212,
0.8861926803808032,
-0.1842712520059463,
0.8913311732035073,
-0.1575503118118485,
0.8956641511771378,
-0.1306869900659146,
0.8991876984977790,
-0.1037055637206538,
0.9018986308611301,
-0.0766304164622017,
0.9037944983402286,
-0.0494860166742670,
0.9048735875995019,
-0.0222968953255354,
0.9051349234431439,
0.0049123761994863,
0.9045782696964210,
0.0321172083061506,
0.9032041294191069,
0.0592930154118060,
0.9010137444508586,
0.0864152381643093,
0.8980090942889384,
0.1134593656368310,
0.8941928942993003,
0.1404009574788996,
0.8895685932626571,
0.1672156660036632,
0.8841403702577436,
0.1938792581914098,
0.8779131308845949,
0.2203676375894598,
0.8708925028312516,
0.2466568660886406,
0.8630848307878997,
0.2727231855566628,
0.8544971707130387,
0.2985430393088467,
0.8451372834568630,
0.3240930933967976,
0.8350136277476181,
0.3493502576957881,
0.8241353525472677,
0.3742917067717936,
0.8125122887833832,
0.3988949005093189,
0.8001549404647273,
0.4231376044813792,
0.7870744751885580,
0.4469979100432210,
0.7732827140482347,
0.4704542541316291,
0.7587921209502464,
0.4934854387519231,
0.7436157913503150,
0.5160706501350335,
0.7277674404187552,
0.5381894775473458,
0.7112613906457843,
0.5598219317363125,
0.6941125588979851,
0.5809484629951632,
0.6763364429376173,
0.6015499788303899,
0.6579491074169623,
0.6216078612160354,
0.6389671693603564,
0.6411039834191994,
0.6194077831470339,
0.6600207263815496,
0.5992886250083526,
0.6783409946420381,
0.5786278770534079,
0.6960482317864314,
0.5574442108374770,
0.7131264354096922,
0.5357567704881386,
0.7295601715776919,
0.5135851554043199,
0.7453345887751834,
0.4909494025439048,
0.7604354313274299,
0.4678699683159104,
0.7748490522833595,
0.4443677100935980,
0.7885624257486045,
0.4204638673652232,
0.8015631586572772,
0.3961800425394598,
0.8138395019718465,
0.3715381814228472,
0.8253803613009913,
0.3465605533868995,
0.8361753069258367,
0.3212697312428035,
0.8462145832255127,
0.2956885708418912,
0.8554891174935139,
0.2698401904203233,
0.8639905281368975,
0.2437479497066496,
0.8717111322509058,
0.2174354288111280,
0.8786439525621697,
0.1909264069158799,
0.8847827237342190,
0.1642448407851392,
0.8901218980295990,
0.1374148431150184,
0.8946566503234782,
0.1104606607423538,
0.8983828824642164,
0.0834066527323264,
0.9012972269769504,
0.0562772683646586,
0.9033970501068528,
0.0290970250382829,
0.9046804541993116,
0.0018904861144493,
0.9051462794148813,
-0.0253177612817040,
0.9047941047774538,
-0.0525031284810564,
0.9036242485547038,
-0.0796410474918053,
0.9016377679704636,
-0.1067069932020807,
0.8988364582492872,
-0.1336765055438076,
0.8952228509940683,
-0.1605252115977877,
0.8908002118981769,
-0.1872288476200219,
0.8855725377941832,
-0.2137632809693699,
0.8795445530418351,
-0.2401045319167285,
0.8727217052585550,
-0.2662287953160205,
0.8651101603963116,
]

triangles = [
0, 5, 2,
5, 10, 2,
0, 8, 5,
5, 18, 10,
7, 4, 2,
2, 4, 0,
0, 3, 8,
15, 7, 2,
1, 3, 0,
13, 18, 5,
8, 13, 5,
4, 1, 0,
23, 15, 10,
10, 15, 2,
39, 31, 18,
18, 31, 10,
31, 23, 10,
16, 21, 8,
8, 21, 13,
13, 26, 18,
1, 6, 3,
3, 16, 8,
20, 12, 7,
7, 12, 4,
4, 9, 1,
1, 14, 6,
28, 20, 15,
15, 20, 7,
11, 16, 3,
34, 26, 13,
17, 9, 4,
6, 11, 3,
42, 34, 21,
21, 34, 13,
60, 39, 26,
26, 39, 18,
57, 36, 23,
25, 17, 12,
12, 17, 4,
44, 23, 31,
23, 36, 15,
36, 28, 15,
22, 14, 9,
9, 14, 1,
6, 19, 11,
52, 44, 31,
39, 52, 31,
41, 33, 20,
20, 33, 12,
37, 29, 16,
16, 29, 21,
14, 19, 6,
11, 24, 16,
29, 42, 21,
34, 47, 26,
39, 73, 52,
55, 47, 34,
78, 57, 44,
44, 57, 23,
62, 41, 28,
33, 25, 12,
30, 22, 9,
47, 60, 26,
32, 24, 11,
49, 28, 36,
28, 41, 20,
59, 38, 25,
30, 9, 17,
14, 27, 19,
24, 37, 16,
29, 63, 42,
76, 55, 42,
42, 55, 34,
47, 81, 60,
38, 30, 17,
70, 49, 36,
40, 32, 19,
19, 32, 11,
71, 50, 37,
94, 73, 60,
60, 73, 39,
52, 65, 44,
86, 65, 52,
57, 70, 36,
91, 70, 57,
46, 25, 33,
25, 38, 17,
75, 62, 96,
49, 62, 28,
41, 54, 33,
35, 14, 22,
35, 27, 14,
65, 78, 44,
75, 54, 41,
73, 86, 52,
65, 99, 78,
50, 63, 29,
54, 46, 33,
89, 68, 55,
55, 68, 47,
73, 107, 86,
68, 81, 47,
43, 22, 30,
56, 35, 22,
81, 94, 60,
37, 50, 29,
58, 37, 24,
78, 91, 57,
83, 62, 49,
61, 40, 27,
27, 40, 19,
32, 45, 24,
97, 76, 63,
63, 76, 42,
53, 45, 32,
64, 43, 30,
45, 58, 24,
80, 59, 46,
46, 59, 25,
38, 51, 30,
62, 75, 41,
54, 67, 46,
83, 49, 104,
120, 65, 86,
120, 99, 65,
78, 112, 91,
104, 49, 70,
128, 107, 73,
76, 89, 55,
68, 102, 81,
149, 128, 94,
125, 70, 91,
125, 104, 70,
72, 51, 38,
141, 120, 86,
92, 71, 58,
58, 71, 37,
50, 84, 63,
94, 128, 73,
107, 141, 86,
115, 94, 81,
74, 53, 40,
40, 53, 32,
45, 79, 58,
123, 102, 68,
88, 67, 54,
117, 96, 83,
83, 96, 62,
75, 88, 54,
146, 125, 91,
104, 138, 83,
136, 115, 81,
133, 78, 99,
133, 112, 78,
77, 56, 43,
43, 56, 22,
35, 48, 27,
51, 64, 30,
154, 133, 99,
109, 88, 75,
105, 84, 50,
76, 110, 89,
84, 97, 63,
89, 123, 68,
69, 48, 35,
48, 61, 27,
93, 72, 59,
59, 72, 38,
51, 85, 64,
162, 141, 107,
120, 154, 99,
162, 107, 128,
144, 123, 89,
102, 136, 81,
101, 80, 67,
67, 80, 46,
157, 136, 102,
115, 149, 94,
201, 146, 112,
112, 146, 91,
159, 138, 104,
131, 110, 76,
170, 149, 115,
87, 66, 53,
53, 66, 45,
126, 105, 71,
71, 105, 50,
152, 131, 97,
159, 104, 125,
130, 109, 75,
175, 154, 120,
133, 167, 112,
183, 162, 128,
141, 175, 120,
66, 79, 45,
130, 75, 96,
122, 101, 67,
138, 117, 83,
79, 92, 58,
118, 97, 84,
97, 131, 76,
178, 157, 123,
151, 130, 96,
90, 69, 56,
56, 69, 35,
48, 82, 61,
95, 74, 61,
61, 74, 40,
114, 93, 80,
80, 93, 59,
98, 77, 64,
230, 175, 141,
122, 67, 88,
180, 159, 125,
206, 151, 117,
149, 183, 128,
162, 196, 141,
238, 183, 149,
144, 89, 110,
123, 157, 102,
136, 170, 115,
165, 144, 110,
188, 133, 154,
188, 167, 133,
146, 180, 125,
85, 51, 106,
64, 77, 43,
106, 51, 72,
191, 170, 136,
143, 122, 88,
143, 88, 109,
235, 180, 146,
251, 196, 162,
167, 201, 112,
209, 154, 175,
243, 188, 154,
290, 235, 201,
74, 87, 53,
66, 100, 79,
117, 151, 96,
164, 143, 109,
172, 117, 138,
92, 126, 71,
139, 118, 84,
147, 126, 92,
113, 92, 79,
139, 84, 105,
131, 165, 110,
233, 178, 144,
144, 178, 123,
157, 191, 136,
246, 191, 157,
170, 204, 149,
160, 139, 105,
103, 48, 69,
103, 82, 48,
74, 108, 87,
285, 230, 196,
196, 230, 141,
207, 152, 118,
118, 152, 97,
127, 106, 72,
85, 98, 64,
127, 72, 93,
259, 204, 170,
183, 217, 162,
119, 98, 85,
77, 90, 56,
264, 209, 175,
111, 90, 77,
193, 138, 159,
193, 172, 138,
186, 165, 131,
201, 235, 146,
248, 193, 159,
256, 201, 167,
256, 167, 222,
164, 130, 185,
164, 109, 130,
135, 80, 101,
121, 100, 66,
272, 217, 183,
204, 238, 149,
82, 95, 61,
87, 121, 66,
214, 159, 180,
135, 101, 156,
135, 114, 80,
148, 127, 93,
156, 101, 122,
298, 243, 209,
209, 243, 154,
185, 130, 151,
306, 251, 217,
217, 251, 162,
230, 264, 175,
124, 103, 69,
150, 129, 95,
134, 113, 79,
126, 160, 105,
240, 185, 151,
222, 167, 188,
280, 225, 191,
191, 225, 170,
327, 272, 238,
267, 212, 178,
178, 212, 157,
277, 222, 188,
269, 214, 180,
269, 180, 235,
261, 206, 172,
172, 206, 117,
227, 172, 193,
241, 186, 152,
152, 186, 131,
165, 199, 144,
254, 199, 165,
319, 264, 230,
243, 277, 188,
142, 121, 87,
100, 134, 79,
181, 160, 126,
139, 173, 118,
202, 147, 113,
113, 147, 92,
212, 246, 157,
301, 246, 212,
177, 122, 143,
177, 156, 122,
203, 148, 114,
238, 272, 183,
251, 285, 196,
293, 238, 204,
129, 74, 95,
129, 108, 74,
199, 233, 144,
340, 285, 251,
345, 290, 256,
256, 290, 201,
155, 134, 100,
232, 177, 143,
198, 143, 164,
324, 269, 235,
214, 248, 159,
140, 119, 85,
132, 111, 77,
140, 85, 106,
332, 277, 243,
222, 311, 256,
303, 248, 214,
314, 259, 225,
225, 259, 170,
169, 114, 135,
114, 148, 93,
161, 140, 106,
194, 173, 139,
90, 124, 69,
116, 95, 82,
145, 124, 90,
116, 82, 137,
108, 142, 87,
282, 227, 193,
206, 240, 151,
295, 240, 206,
219, 198, 164,
285, 319, 230,
264, 298, 209,
374, 319, 285,
173, 207, 118,
186, 220, 165,
322, 267, 233,
353, 298, 264,
259, 293, 204,
272, 306, 217,
132, 77, 98,
361, 306, 272,
153, 132, 98,
288, 233, 199,
233, 267, 178,
246, 280, 191,
335, 280, 246,
259, 348, 293,
293, 327, 238,
219, 164, 185,
147, 181, 126,
160, 194, 139,
236, 181, 147,
161, 106, 127,
119, 153, 98,
306, 340, 251,
395, 340, 306,
379, 324, 290,
290, 324, 235,
337, 282, 248,
316, 261, 227,
275, 220, 186,
282, 193, 248,
227, 261, 172,
249, 194, 160,
173, 262, 207,
275, 241, 330,
207, 241, 152,
274, 185, 240,
274, 219, 185,
366, 222, 277,
366, 311, 222,
387, 332, 298,
298, 332, 243,
137, 82, 103,
311, 345, 256,
369, 314, 280,
280, 314, 225,
416, 272, 327,
309, 254, 220,
220, 254, 165,
163, 142, 108,
121, 155, 100,
163, 108, 129,
190, 135, 156,
190, 169, 135,
182, 161, 127,
190, 156, 245,
182, 127, 148,
408, 353, 264,
408, 264, 319,
158, 137, 103,
158, 103, 124,
287, 232, 198,
198, 232, 143,
211, 156, 177,
421, 366, 277,
311, 400, 345,
421, 277, 332,
416, 327, 382,
416, 361, 272,
429, 374, 285,
303, 214, 358,
356, 301, 267,
267, 301, 212,
358, 214, 269,
358, 269, 413,
176, 155, 121,
168, 202, 113,
301, 335, 246,
429, 285, 340,
463, 408, 319,
476, 421, 332,
266, 211, 177,
413, 269, 324,
371, 316, 282,
329, 274, 240,
219, 253, 198,
295, 206, 261,
343, 288, 254,
254, 288, 199,
200, 145, 111,
111, 145, 90,
168, 113, 134,
181, 215, 160,
237, 182, 148,
288, 322, 233,
424, 280, 335,
189, 168, 134,
403, 259, 314,
403, 348, 259,
434, 379, 345,
345, 379, 290,
350, 295, 261,
258, 203, 169,
169, 203, 114,
224, 169, 190,
174, 119, 140,
174, 153, 119,
132, 166, 111,
174, 140, 229,
296, 241, 207,
241, 275, 186,
205, 150, 116,
116, 150, 95,
387, 298, 442,
455, 400, 311,
282, 316, 227,
337, 248, 303,
450, 306, 361,
450, 395, 306,
374, 463, 319,
395, 429, 340,
382, 327, 293,
437, 382, 293,
442, 298, 353,
442, 353, 497,
447, 303, 358,
392, 337, 303,
468, 413, 324,
458, 403, 314,
348, 437, 293,
270, 215, 181,
228, 262, 173,
518, 463, 374,
228, 173, 194,
505, 450, 361,
573, 518, 429,
497, 353, 408,
424, 335, 390,
424, 369, 280,
308, 253, 219,
300, 245, 211,
308, 219, 274,
215, 249, 160,
455, 366, 510,
455, 311, 366,
379, 468, 324,
179, 158, 124,
137, 171, 116,
202, 236, 147,
338, 283, 249,
270, 236, 325,
283, 228, 194,
384, 329, 295,
295, 329, 240,
231, 176, 142,
142, 176, 121,
155, 189, 134,
266, 177, 232,
211, 245, 156,
411, 356, 322,
322, 356, 267,
184, 163, 129,
492, 348, 403,
581, 437, 348,
560, 505, 416,
416, 505, 361,
510, 366, 421,
510, 421, 565,
244, 189, 155,
291, 236, 202,
321, 266, 232,
195, 140, 161,
187, 166, 132,
523, 468, 379,
502, 447, 358,
400, 434, 345,
523, 434, 578,
364, 309, 275,
275, 309, 220,
288, 377, 322,
351, 296, 262,
262, 296, 207,
390, 335, 301,
369, 458, 314,
405, 350, 316,
316, 350, 261,
363, 274, 329,
363, 308, 274,
253, 287, 198,
216, 161, 182,
250, 195, 161,
513, 458, 369,
296, 330, 241,
445, 390, 301,
547, 403, 458,
187, 132, 153,
145, 179, 124,
398, 343, 309,
309, 343, 254,
356, 445, 301,
502, 358, 413,
426, 371, 282,
476, 332, 387,
489, 434, 400,
471, 382, 526,
471, 416, 382,
539, 484, 395,
552, 408, 463,
292, 237, 203,
203, 237, 148,
342, 287, 253,
552, 497, 408,
531, 476, 387,
518, 374, 429,
426, 282, 337,
531, 387, 442,
484, 429, 395,
500, 445, 356,
513, 369, 424,
481, 426, 337,
234, 179, 145,
607, 552, 463,
586, 531, 442,
239, 184, 150,
150, 184, 129,
163, 197, 142,
171, 137, 192,
539, 395, 450,
447, 392, 303,
432, 377, 288,
279, 190, 245,
279, 224, 190,
279, 245, 334,
249, 283, 194,
228, 317, 262,
304, 249, 215,
526, 382, 437,
594, 539, 450,
377, 411, 322,
208, 153, 174,
242, 187, 153,
166, 200, 111,
252, 197, 163,
223, 168, 189,
662, 573, 806,
484, 573, 429,
518, 607, 463,
594, 450, 505,
547, 458, 602,
547, 492, 403,
586, 442, 497,
476, 565, 421,
434, 523, 379,
557, 502, 413,
625, 481, 392,
489, 400, 544,
192, 137, 158,
224, 258, 169,
376, 321, 287,
287, 321, 232,
709, 565, 476,
544, 400, 455,
751, 607, 518,
730, 586, 497,
557, 413, 468,
419, 364, 330,
330, 364, 275,
343, 432, 288,
419, 330, 385,
641, 497, 552,
649, 560, 793,
471, 560, 416,
271, 182, 237,
271, 216, 182,
195, 229, 140,
649, 594, 505,
662, 518, 573,
460, 405, 371,
371, 405, 316,
418, 363, 329,
515, 371, 426,
544, 455, 599,
255, 200, 166,
257, 202, 168,
236, 270, 181,
487, 432, 343,
555, 500, 411,
581, 526, 437,
439, 295, 350,
397, 342, 253,
599, 455, 510,
494, 439, 350,
439, 384, 295,
654, 599, 510,
492, 581, 348,
513, 424, 568,
814, 670, 581,
210, 155, 176,
223, 257, 168,
612, 557, 468,
536, 392, 447,
612, 468, 523,
479, 390, 534,
479, 424, 390,
300, 211, 266,
224, 313, 258,
284, 229, 195,
372, 228, 283,
372, 317, 228,
355, 300, 266,
265, 210, 176,
722, 578, 489,
489, 578, 434,
633, 489, 544,
756, 612, 523,
171, 205, 116,
286, 231, 197,
210, 244, 155,
247, 192, 158,
171, 260, 205,
213, 158, 179,
534, 390, 445,
500, 356, 411,
257, 291, 202,
591, 447, 502,
392, 481, 337,
591, 502, 735,
473, 418, 384,
384, 418, 329,
397, 253, 308,
317, 351, 262,
218, 163, 184,
197, 231, 142,
333, 278, 244,
453, 398, 309,
453, 309, 364,
397, 308, 452,
389, 334, 300,
278, 223, 189,
257, 346, 291,
263, 208, 174,
289, 234, 200,
466, 377, 521,
466, 411, 377,
746, 602, 513,
513, 602, 458,
725, 581, 492,
305, 250, 216,
216, 250, 161,
297, 242, 208,
657, 568, 801,
479, 568, 424,
452, 308, 363,
646, 502, 557,
359, 304, 270,
270, 304, 215,
317, 406, 351,
591, 536, 447,
347, 292, 258,
258, 292, 203,
785, 552, 607,
785, 641, 552,
764, 620, 531,
531, 620, 476,
565, 654, 510,
573, 484, 717,
589, 534, 445,
385, 330, 296,
675, 531, 586,
599, 688, 544,
508, 453, 364,
678, 589, 733,
440, 385, 296,
798, 654, 565,
628, 484, 539,
662, 751, 518,
560, 649, 505,
772, 628, 539,
704, 560, 471,
704, 471, 615,
471, 526, 615,
683, 539, 594,
628, 717, 484,
696, 785, 607,
641, 730, 497,
927, 730, 641,
922, 709, 620,
620, 709, 476,
300, 334, 245,
368, 313, 224,
355, 266, 321,
570, 426, 481,
570, 515, 426,
405, 494, 350,
439, 528, 384,
515, 460, 371,
410, 355, 321,
714, 570, 481,
549, 494, 405,
738, 683, 594,
662, 806, 932,
926, 675, 730,
730, 675, 586,
304, 338, 249,
377, 432, 521,
500, 589, 445,
780, 602, 691,
507, 363, 418,
507, 452, 363,
431, 287, 342,
431, 376, 287,
675, 764, 531,
751, 696, 607,
930, 696, 751,
717, 806, 573,
806, 717, 933,
929, 696, 930,
785, 928, 641,
326, 271, 237,
221, 166, 187,
200, 234, 145,
427, 372, 283,
351, 440, 296,
683, 772, 539,
649, 738, 594,
935, 628, 772,
615, 526, 759,
670, 526, 581,
487, 343, 398,
743, 599, 654,
743, 688, 599,
578, 667, 523,
921, 798, 709,
709, 798, 565,
291, 325, 236,
304, 393, 338,
380, 325, 291,
937, 738, 938,
777, 633, 544,
790, 646, 557,
294, 239, 205,
205, 239, 150,
725, 492, 636,
649, 793, 939,
704, 793, 560,
793, 704, 940,
919, 743, 654,
688, 777, 544,
576, 487, 809,
631, 487, 398,
273, 218, 184,
268, 213, 179,
192, 226, 171,
915, 722, 633,
633, 722, 489,
636, 492, 547,
636, 547, 780,
576, 521, 432,
644, 555, 788,
466, 555, 411,
811, 667, 578,
769, 625, 536,
917, 777, 688,
563, 508, 419,
631, 398, 542,
495, 440, 351,
942, 759, 943,
670, 759, 526,
431, 342, 575,
780, 547, 602,
725, 814, 581,
513, 657, 746,
912, 756, 667,
667, 756, 523,
536, 625, 392,
701, 557, 612,
944, 814, 945,
486, 342, 397,
460, 549, 405,
494, 583, 439,
693, 549, 460,
604, 460, 515,
513, 568, 657,
944, 670, 814,
722, 811, 578,
914, 811, 722,
368, 224, 279,
292, 326, 237,
911, 701, 756,
756, 701, 612,
299, 244, 210,
244, 278, 189,
312, 346, 257,
727, 583, 494,
276, 221, 187,
701, 790, 557,
479, 623, 712,
568, 479, 712,
583, 528, 439,
680, 536, 591,
570, 659, 515,
735, 502, 646,
286, 252, 341,
218, 252, 163,
231, 265, 176,
263, 174, 229,
208, 242, 153,
479, 534, 623,
508, 364, 419,
487, 576, 432,
699, 555, 466,
528, 473, 384,
541, 486, 397,
908, 735, 646,
318, 263, 229,
284, 195, 250,
948, 691, 949,
746, 691, 602,
814, 725, 945,
381, 326, 292,
339, 284, 250,
465, 410, 376,
376, 410, 321,
355, 444, 300,
423, 368, 279,
623, 534, 767,
949, 691, 746,
474, 419, 385,
461, 317, 372,
461, 406, 317,
529, 474, 385,
907, 680, 735,
735, 680, 591,
767, 534, 678,
534, 589, 678,
305, 216, 271,
562, 507, 418,
320, 265, 231,
751, 662, 931,
930, 751, 931,
696, 929, 785,
675, 924, 764,
764, 923, 620,
929, 928, 785,
931, 662, 932,
806, 933, 932,
414, 270, 325,
414, 359, 270,
338, 427, 283,
928, 927, 641,
798, 920, 654,
717, 934, 933,
927, 926, 730,
628, 935, 934,
717, 628, 934,
657, 801, 951,
712, 801, 568,
423, 279, 334,
313, 347, 258,
926, 925, 675,
772, 936, 935,
925, 924, 675,
743, 918, 688,
904, 714, 625,
625, 714, 481,
772, 683, 936,
683, 937, 936,
924, 923, 764,
683, 738, 937,
542, 398, 453,
923, 922, 620,
777, 916, 633,
738, 649, 938,
649, 939, 938,
680, 769, 536,
906, 769, 680,
289, 255, 344,
221, 255, 166,
302, 247, 213,
922, 921, 709,
402, 347, 313,
793, 940, 939,
921, 920, 798,
704, 941, 940,
268, 179, 234,
213, 247, 158,
597, 542, 453,
706, 562, 473,
473, 562, 418,
617, 473, 528,
482, 427, 338,
920, 919, 654,
704, 615, 941,
615, 942, 941,
919, 918, 743,
516, 461, 372,
529, 385, 440,
589, 500, 733,
952, 801, 712,
312, 257, 223,
615, 759, 942,
644, 500, 555,
466, 610, 699,
281, 226, 192,
239, 273, 184,
803, 570, 714,
803, 659, 570,
549, 638, 494,
583, 672, 528,
466, 521, 610,
918, 917, 688,
811, 913, 667,
701, 910, 790,
903, 803, 714,
759, 670, 943,
644, 733, 500,
917, 916, 777,
367, 312, 223,
367, 223, 278,
943, 670, 944,
499, 444, 355,
916, 915, 633,
790, 909, 646,
431, 520, 376,
410, 499, 355,
541, 397, 452,
541, 452, 596,
725, 946, 945,
748, 515, 659,
748, 604, 515,
529, 440, 584,
508, 597, 453,
915, 914, 722,
596, 452, 507,
444, 389, 300,
725, 636, 946,
636, 947, 946,
720, 487, 631,
741, 597, 508,
360, 271, 415,
360, 305, 271,
901, 748, 659,
914, 913, 811,
636, 780, 947,
226, 260, 171,
899, 693, 604,
604, 693, 460,
913, 912, 667,
947, 780, 948,
307, 252, 218,
252, 286, 197,
521, 576, 754,
610, 521, 754,
957, 956, 733,
474, 563, 419,
389, 423, 334,
436, 381, 347,
469, 414, 325,
448, 393, 304,
912, 911, 756,
448, 304, 359,
427, 516, 372,
948, 780, 691,
746, 950, 949,
782, 638, 549,
754, 576, 665,
328, 273, 239,
651, 507, 562,
740, 596, 507,
719, 575, 486,
323, 268, 234,
495, 351, 406,
796, 652, 563,
354, 299, 265,
265, 299, 210,
911, 910, 701,
769, 905, 625,
644, 788, 958,
699, 788, 555,
623, 767, 954,
712, 623, 953,
746, 657, 950,
435, 380, 346,
346, 380, 291,
910, 909, 790,
801, 952, 951,
950, 657, 951,
550, 406, 461,
550, 495, 406,
299, 333, 244,
401, 435, 346,
958, 788, 959,
809, 487, 720,
909, 908, 646,
803, 902, 659,
896, 727, 638,
638, 727, 494,
712, 953, 952,
898, 782, 693,
693, 782, 549,
908, 907, 735,
748, 900, 604,
631, 542, 775,
720, 631, 775,
373, 318, 284,
284, 318, 229,
331, 276, 242,
310, 255, 221,
623, 954, 953,
305, 339, 250,
630, 486, 541,
486, 575, 342,
907, 906, 680,
767, 955, 954,
895, 672, 727,
727, 672, 583,
533, 478, 389,
389, 478, 423,
554, 499, 410,
457, 313, 368,
347, 381, 292,
305, 394, 339,
503, 448, 359,
571, 516, 427,
503, 359, 414,
276, 187, 242,
255, 289, 200,
788, 699, 959,
809, 665, 576,
906, 905, 769,
375, 320, 286,
286, 320, 231,
299, 388, 333,
767, 678, 955,
575, 520, 431,
761, 617, 528,
707, 563, 474,
495, 584, 440,
728, 584, 495,
905, 904, 625,
520, 465, 376,
422, 367, 278,
894, 761, 672,
672, 761, 528,
775, 542, 686,
963, 962, 665,
542, 597, 686,
678, 733, 956,
955, 678, 956,
482, 338, 393,
297, 208, 263,
904, 903, 714,
352, 297, 263,
795, 706, 891,
617, 706, 473,
596, 774, 541,
733, 644, 957,
903, 902, 803,
782, 897, 638,
415, 271, 326,
957, 644, 958,
349, 294, 260,
260, 294, 205,
315, 260, 226,
281, 192, 247,
686, 597, 741,
610, 754, 961,
512, 368, 423,
512, 457, 368,
902, 901, 659,
380, 469, 325,
524, 469, 380,
457, 402, 313,
470, 415, 326,
795, 651, 562,
575, 664, 520,
699, 960, 959,
605, 550, 461,
652, 508, 563,
901, 900, 748,
699, 610, 960,
610, 961, 960,
474, 529, 618,
707, 474, 618,
892, 706, 617,
706, 795, 562,
893, 617, 761,
889, 740, 651,
651, 740, 507,
470, 326, 381,
609, 465, 520,
698, 554, 465,
465, 554, 410,
533, 389, 444,
900, 899, 604,
362, 307, 273,
273, 307, 218,
754, 962, 961,
652, 741, 508,
336, 281, 247,
302, 213, 268,
516, 605, 461,
537, 482, 393,
537, 393, 448,
899, 898, 693,
294, 328, 239,
417, 328, 383,
378, 323, 289,
289, 323, 234,
754, 665, 962,
809, 963, 665,
660, 605, 516,
618, 529, 762,
491, 436, 402,
402, 436, 347,
898, 897, 782,
357, 302, 268,
809, 964, 963,
720, 964, 809,
365, 310, 276,
276, 310, 221,
685, 596, 740,
685, 774, 596,
529, 584, 762,
969, 968, 741,
588, 444, 499,
546, 491, 402,
774, 630, 541,
401, 346, 312,
558, 503, 414,
897, 896, 638,
482, 571, 427,
643, 588, 499,
456, 312, 367,
456, 401, 312,
720, 965, 964,
707, 796, 563,
720, 775, 965,
762, 584, 673,
970, 652, 796,
888, 685, 740,
885, 719, 630,
890, 651, 795,
588, 533, 444,
630, 719, 486,
554, 643, 499,
808, 719, 884,
396, 341, 307,
307, 341, 252,
409, 354, 265,
318, 352, 263,
297, 331, 242,
407, 352, 318,
373, 284, 339,
896, 895, 727,
567, 423, 478,
567, 512, 423,
409, 265, 320,
333, 422, 278,
775, 966, 965,
525, 470, 381,
449, 305, 360,
428, 373, 339,
394, 305, 449,
558, 414, 469,
482, 715, 571,
895, 894, 672,
970, 796, 971,
728, 495, 639,
775, 967, 966,
388, 422, 333,
386, 331, 297,
894, 893, 761,
370, 315, 281,
281, 315, 226,
775, 686, 967,
579, 524, 435,
511, 456, 367,
808, 575, 719,
808, 664, 575,
592, 537, 448,
550, 605, 694,
639, 550, 783,
639, 495, 550,
893, 892, 617,
694, 605, 749,
886, 630, 774,
887, 774, 685,
967, 686, 968,
686, 741, 968,
622, 478, 533,
711, 567, 478,
546, 402, 457,
436, 525, 381,
728, 673, 584,
796, 707, 971,
762, 673, 974,
892, 891, 706,
449, 360, 504,
741, 652, 969,
464, 409, 320,
443, 388, 299,
503, 592, 448,
613, 558, 469,
524, 380, 435,
753, 520, 664,
753, 609, 520,
588, 677, 533,
882, 753, 664,
443, 299, 354,
422, 511, 367,
891, 890, 795,
399, 344, 310,
310, 344, 255,
391, 336, 302,
430, 375, 286,
504, 360, 415,
681, 592, 736,
660, 516, 571,
969, 652, 970,
787, 698, 879,
609, 698, 465,
890, 889, 651,
808, 883, 664,
357, 268, 412,
302, 336, 247,
490, 435, 401,
787, 643, 554,
707, 972, 971,
417, 273, 328,
417, 362, 273,
341, 430, 286,
394, 428, 339,
462, 407, 318,
483, 428, 394,
601, 457, 512,
559, 504, 415,
660, 571, 804,
976, 975, 728,
462, 318, 373,
441, 386, 297,
889, 888, 740,
694, 783, 550,
707, 618, 972,
412, 268, 323,
745, 601, 512,
656, 512, 567,
715, 482, 626,
404, 349, 315,
315, 349, 260,
618, 973, 972,
601, 546, 457,
498, 443, 354,
566, 511, 422,
498, 354, 409,
888, 887, 685,
618, 762, 973,
880, 698, 609,
698, 787, 554,
732, 677, 588,
881, 609, 753,
977, 639, 783,
660, 749, 605,
979, 749, 980,
580, 436, 491,
580, 525, 436,
887, 886, 774,
681, 537, 592,
524, 613, 469,
757, 613, 524,
973, 762, 974,
517, 462, 373,
433, 378, 289,
886, 885, 630,
477, 422, 388,
545, 490, 401,
626, 537, 770,
626, 482, 537,
732, 588, 643,
974, 673, 975,
673, 728, 975,
877, 732, 643,
770, 537, 681,
545, 401, 456,
660, 804, 981,
715, 804, 571,
885, 884, 719,
787, 878, 643,
485, 430, 341,
375, 464, 320,
766, 533, 677,
766, 622, 533,
601, 690, 546,
519, 464, 375,
728, 639, 976,
639, 977, 976,
420, 365, 276,
344, 433, 289,
420, 276, 331,
297, 352, 441,
635, 491, 546,
724, 580, 491,
559, 415, 470,
559, 470, 614,
538, 483, 394,
428, 517, 373,
441, 352, 496,
496, 352, 407,
884, 883, 808,
490, 579, 435,
451, 396, 307,
451, 307, 362,
446, 391, 302,
467, 412, 323,
475, 420, 331,
783, 978, 977,
875, 766, 677,
614, 470, 525,
873, 711, 622,
622, 711, 478,
383, 328, 294,
438, 383, 294,
438, 294, 349,
883, 882, 664,
732, 876, 677,
783, 694, 978,
600, 545, 456,
812, 668, 579,
425, 281, 336,
425, 370, 281,
503, 647, 736,
592, 503, 736,
982, 804, 715,
978, 694, 979,
800, 656, 567,
882, 881, 753,
694, 749, 979,
488, 433, 344,
378, 467, 323,
399, 310, 365,
758, 614, 525,
593, 449, 504,
503, 558, 647,
506, 451, 362,
519, 375, 430,
493, 438, 349,
561, 506, 417,
540, 396, 451,
881, 880, 609,
647, 558, 791,
791, 558, 613,
749, 660, 980,
446, 302, 357,
454, 399, 365,
872, 800, 711,
711, 800, 567,
656, 745, 512,
874, 622, 766,
757, 524, 668,
511, 600, 456,
655, 600, 511,
477, 388, 532,
532, 388, 443,
880, 879, 698,
870, 745, 656,
580, 669, 525,
980, 660, 981,
480, 425, 336,
370, 404, 315,
477, 566, 422,
879, 878, 787,
593, 504, 737,
538, 394, 449,
551, 496, 407,
524, 579, 668,
702, 791, 613,
986, 681, 987,
626, 984, 983,
981, 804, 982,
715, 983, 982,
501, 446, 357,
522, 467, 378,
522, 378, 433,
648, 504, 559,
459, 404, 370,
572, 517, 428,
553, 409, 464,
553, 498, 409,
799, 655, 566,
553, 464, 608,
869, 690, 745,
745, 690, 601,
593, 538, 449,
483, 572, 428,
878, 877, 643,
779, 635, 546,
614, 792, 559,
715, 626, 983,
770, 984, 626,
391, 480, 336,
501, 357, 412,
579, 490, 723,
877, 876, 732,
868, 779, 690,
587, 532, 443,
770, 985, 984,
386, 475, 331,
509, 454, 365,
619, 475, 386,
551, 407, 462,
871, 656, 800,
690, 779, 546,
866, 724, 635,
635, 724, 491,
723, 490, 634,
757, 702, 613,
681, 736, 987,
990, 702, 991,
876, 875, 677,
770, 681, 985,
519, 430, 574,
498, 587, 443,
716, 572, 483,
606, 551, 462,
627, 483, 538,
676, 587, 731,
875, 874, 766,
530, 386, 441,
485, 341, 396,
985, 681, 986,
813, 580, 724,
813, 669, 580,
506, 362, 417,
540, 485, 396,
634, 490, 545,
991, 702, 757,
634, 545, 778,
545, 600, 689,
874, 873, 622,
669, 758, 525,
593, 682, 538,
606, 462, 517,
585, 530, 441,
736, 988, 987,
655, 511, 566,
867, 635, 779,
865, 813, 724,
862, 703, 758,
750, 606, 517,
668, 812, 993,
723, 812, 579,
736, 647, 988,
873, 872, 711,
647, 989, 988,
472, 383, 527,
472, 417, 383,
872, 871, 800,
647, 791, 989,
543, 488, 399,
399, 488, 344,
556, 501, 412,
703, 614, 758,
703, 792, 614,
548, 493, 404,
404, 493, 349,
459, 370, 514,
752, 608, 519,
519, 608, 464,
676, 532, 587,
744, 999, 998,
710, 477, 621,
710, 566, 477,
792, 648, 559,
744, 689, 600,
994, 812, 723,
871, 870, 656,
689, 778, 545,
663, 574, 807,
485, 574, 430,
989, 791, 990,
863, 758, 669,
859, 737, 648,
585, 441, 496,
509, 365, 420,
585, 496, 729,
640, 496, 551,
509, 420, 564,
527, 383, 438,
870, 869, 745,
813, 864, 669,
556, 412, 467,
535, 480, 391,
535, 391, 446,
564, 420, 475,
595, 540, 451,
595, 451, 506,
990, 791, 702,
757, 992, 991,
860, 648, 792,
648, 737, 504,
572, 661, 517,
577, 433, 488,
577, 522, 433,
996, 634, 778,
655, 744, 600,
477, 532, 621,
763, 619, 530,
530, 619, 386,
797, 564, 475,
869, 868, 690,
757, 668, 992,
621, 532, 765,
739, 595, 506,
786, 608, 697,
514, 370, 425,
582, 527, 438,
868, 867, 779,
650, 561, 794,
472, 561, 417,
582, 438, 493,
857, 682, 737,
737, 682, 593,
765, 532, 676,
992, 668, 993,
812, 994, 993,
655, 799, 1000,
710, 799, 566,
771, 627, 538,
606, 695, 551,
867, 866, 635,
590, 535, 446,
611, 556, 467,
569, 514, 425,
569, 425, 480,
723, 995, 994,
721, 577, 488,
522, 611, 467,
543, 399, 454,
548, 404, 459,
637, 582, 493,
705, 561, 472,
598, 454, 509,
687, 543, 454,
682, 771, 538,
854, 716, 627,
627, 716, 483,
866, 865, 724,
703, 861, 792,
682, 856, 771,
590, 446, 501,
634, 996, 995,
723, 634, 995,
865, 864, 813,
755, 611, 522,
734, 590, 501,
805, 661, 572,
585, 674, 530,
1001, 799, 710,
587, 498, 731,
731, 498, 642,
498, 553, 642,
778, 997, 996,
713, 569, 480,
637, 548, 781,
548, 459, 692,
642, 553, 786,
519, 663, 752,
786, 553, 608,
864, 863, 669,
778, 689, 997,
689, 998, 997,
624, 713, 480,
645, 501, 556,
853, 805, 716,
716, 805, 572,
851, 750, 661,
661, 750, 517,
863, 862, 758,
689, 744, 998,
708, 797, 475,
784, 640, 551,
519, 574, 663,
1005, 676, 731,
862, 861, 703,
771, 855, 627,
850, 695, 750,
750, 695, 606,
744, 655, 999,
574, 485, 718,
861, 860, 792,
485, 540, 629,
718, 485, 629,
849, 784, 695,
695, 784, 551,
999, 655, 1000,
860, 859, 648,
629, 540, 773,
847, 729, 640,
640, 729, 496,
742, 598, 509,
1000, 799, 1001,
710, 1002, 1001,
621, 1002, 710,
786, 697, 1009,
752, 697, 608,
1004, 676, 1005,
621, 1003, 1002,
697, 1010, 1009,
684, 540, 595,
650, 506, 561,
859, 858, 737,
765, 1003, 621,
729, 674, 585,
708, 475, 619,
543, 632, 488,
763, 708, 619,
858, 857, 737,
805, 852, 661,
1012, 807, 1013,
718, 807, 574,
674, 763, 530,
765, 1004, 1003,
616, 527, 760,
616, 472, 527,
1013, 807, 718,
857, 856, 682,
765, 676, 1004,
650, 739, 506,
577, 666, 522,
653, 509, 564,
739, 684, 595,
841, 653, 797,
797, 653, 564,
842, 797, 708,
684, 773, 540,
856, 855, 771,
731, 1006, 1005,
637, 493, 548,
671, 527, 582,
1018, 1017, 739,
616, 705, 472,
776, 687, 837,
598, 687, 454,
776, 632, 543,
789, 645, 556,
653, 742, 509,
603, 514, 747,
603, 459, 514,
632, 721, 488,
855, 854, 627,
784, 848, 640,
731, 1007, 1006,
810, 666, 577,
700, 556, 611,
624, 480, 535,
854, 853, 716,
729, 846, 674,
650, 794, 1019,
705, 794, 561,
629, 773, 1015,
718, 1014, 1013,
726, 671, 582,
1020, 794, 705,
731, 642, 1007,
642, 1008, 1007,
624, 535, 768,
658, 514, 569,
637, 726, 582,
645, 734, 501,
853, 852, 805,
671, 760, 527,
603, 692, 459,
768, 535, 590,
642, 786, 1008,
832, 755, 666,
666, 755, 522,
645, 828, 734,
815, 726, 816,
1022, 616, 760,
802, 569, 713,
802, 658, 569,
632, 835, 721,
721, 810, 577,
687, 776, 543,
838, 687, 598,
852, 851, 661,
674, 845, 763,
755, 700, 611,
834, 810, 721,
755, 831, 700,
1008, 786, 1009,
679, 590, 734,
679, 768, 590,
822, 802, 823,
603, 747, 820,
658, 747, 514,
637, 781, 817,
700, 789, 556,
851, 850, 750,
697, 752, 1010,
752, 1011, 1010,
781, 818, 817,
692, 781, 548,
794, 1020, 1019,
850, 849, 695,
763, 843, 708,
658, 802, 822,
726, 637, 816,
752, 663, 1011,
827, 679, 734,
802, 713, 823,
849, 848, 784,
1011, 663, 1012,
848, 847, 640,
653, 840, 742,
1012, 663, 807,
629, 1014, 718,
847, 846, 729,
742, 839, 598,
629, 1015, 1014,
846, 845, 674,
773, 1016, 1015,
845, 844, 763,
773, 684, 1016,
844, 843, 763,
1016, 684, 1017,
684, 739, 1017,
843, 842, 708,
739, 650, 1018,
842, 841, 797,
776, 836, 632,
1021, 1020, 705,
1018, 650, 1019,
841, 840, 653,
616, 1021, 705,
840, 839, 742,
616, 1022, 1021,
839, 838, 598,
810, 833, 666,
700, 830, 789,
760, 1023, 1022,
838, 837, 687,
760, 671, 1023,
837, 836, 776,
789, 829, 645,
1023, 671, 815,
671, 726, 815,
836, 835, 632,
637, 817, 816,
835, 834, 721,
692, 818, 781,
834, 833, 810,
692, 819, 818,
833, 832, 666,
692, 603, 819,
603, 820, 819,
832, 831, 755,
747, 821, 820,
658, 821, 747,
831, 830, 700,
658, 822, 821,
830, 829, 789,
826, 768, 679,
829, 828, 645,
825, 624, 768,
828, 827, 734,
823, 713, 824,
827, 826, 679,
824, 713, 624,
826, 825, 768,
825, 824, 624,
]