vertices = [
0.0169428088564211,
-0.0026245223763235,
-0.0354918050185668,
0.0391507938474730,
0.0006634525838951,
-0.0667131017838405,
0.0405514755414081,
0.0631748285072905,
-0.0688892876031754,
-0.0206309466980981,
0.0737521345759456,
-0.0459722828226734,
-0.0218663474252770,
0.0996391214973825,
-0.0587960700406061,
-0.0902205011380160,
0.0951423885546675,
0.0230573630704003,
-0.1020484223043880,
0.0476815084105030,
0.0528899672936615,
-0.1155636467059924,
0.0411617329237576,
0.1303320680954781,
-0.1246608216153872,
-0.0685235677442413,
0.1429653294596281,
-0.0316088552304302,
-0.0860248925398541,
0.1186082935024638,
-0.0158925893094937,
-0.1451393676780152,
0.1116845559185421,
0.0959123591514175,
-0.1502219718060542,
-0.0006220522978468,
0.1216277288795311,
-0.1024743942665504,
-0.0216629572131974,
0.1658952626968096,
-0.1014659167183370,
-0.1379846003295429,
0.1640041136414725,
0.0365675333772521,
-0.1525533231681037,
0.0922363366475671,
0.0433356234552647,
-0.1831098913525307,
0.0954929320380854,
0.1634061138555388,
-0.1913561125238563,
-0.0602206976549200,
0.1869418798929780,
-0.0858365142325997,
-0.0849786897101418,
0.1897689220270717,
-0.0641938317913957,
-0.1925903180457328,
0.1823506486623999,
0.1022934458271303,
-0.1977491188158961,
0.0491191764535275,
0.1110509833896327,
-0.1706624612014295,
0.0372680611148490,
0.2026414435078199,
-0.1694356314271394,
-0.1287985954375870,
0.2124632767625681,
-0.0197295653866887,
-0.1493162223842391,
0.1591698516372670,
-0.0046035306611570,
-0.2286029733980859,
0.1579015912185198,
0.1700728727675909,
-0.2325257228460757,
-0.0105255746851770,
0.1807976249144105,
-0.1520810251434525,
-0.0328380241583601,
0.2340495451403727,
-0.1355092670367596,
-0.1966492672278358,
0.2327735513143403,
0.0517021406390340,
-0.2183230902616650,
0.1201994156489631,
0.0835351985314915,
-0.2373858391090592,
0.1048638017774713,
0.2281326086263013,
-0.2353788480513427,
-0.1080556804983257,
0.2490503050793993,
-0.0837680938820268,
-0.1368762763711565,
0.2285575673172851,
-0.0731462293949778,
-0.2559752052099704,
0.2205352663541728,
0.1550107150536016,
-0.2594935092897220,
0.0489722586026639,
0.1619288490576299,
-0.2163619323022501,
0.0276996033172673,
0.2640429451535601,
-0.2027809909872509,
-0.1847560400743555,
0.2724034873898936,
-0.0015539706201620,
-0.2060324158597584,
0.1903844171305756,
0.0353886372981676,
-0.2809648747769723,
0.1708720943715581,
0.2385553398700833,
-0.2764222243512232,
-0.0577557503647267,
0.2439138935629550,
-0.1521021087500528,
-0.0903429345132962,
0.2709556307155569,
-0.1376076415397579,
-0.2561984254619005,
0.2625476613952715,
0.1092313696210675,
-0.2842929469816786,
0.1131271320304484,
0.1349355886378232,
-0.2741824273257839,
0.0940554213076484,
0.2855694140153506,
-0.2588510534300851,
-0.1653624813358237,
0.3033479059826845,
-0.0575105690805205,
-0.1907190474184187,
0.2530557963346783,
-0.0316432861035609,
-0.3017099464164691,
0.2297042093730237,
0.2170469672845144,
-0.3134848181582100,
-0.0052369778819467,
0.2284205787887801,
-0.2177425822178007,
-0.0324664603722587,
0.3028517238798015,
-0.2024053387236106,
-0.2441068146821133,
0.3060111350912458,
0.0591075745559132,
-0.2694332327334373,
0.1773483581080147,
0.0910002688836023,
-0.3195489408587557,
0.1563700089919187,
0.3008154268262446,
-0.3053647458028795,
-0.1201619458708902,
0.3032134130516929,
-0.1314990464677916,
-0.1512907742784849,
0.3056066222304714,
-0.1152688520547390,
-0.3127579831708188,
0.2820450763536481,
0.1791932709194352,
-0.3169786104685027,
0.0560964493400414,
0.1993674243478544,
-0.2769816877578308,
0.0446888639497011,
0.3206335490893987,
-0.2684533938074482,
-0.2294844847292415,
0.3352640353547864,
-0.0011181028720278,
-0.2556553727630101,
0.2404885477718401,
0.0176648213460219,
-0.3417587699460874,
0.2313305019661872,
0.2819974234366949,
-0.3422206912413565,
-0.0734918928146237,
0.2895059546718128,
-0.2037662184508575,
-0.0934051547480302,
0.3374949191000943,
-0.1836098247023473,
-0.3012251242798182,
0.3212831387094022,
0.1337810510111346,
-0.3307999683007510,
0.1645762097711038,
0.1629726233252348,
-0.3339139372431470,
0.1045145587207620,
0.3492604572364755,
-0.3183626253916519,
-0.1809821411264112,
0.3501784210765967,
-0.0940697074557536,
-0.2254272009666065,
0.3012877221852804,
-0.0763141255774118,
-0.3490268472674073,
0.2929893821519872,
0.2429308706658365,
-0.3725709821702524,
0.0372094168975997,
0.2632156160421137,
-0.2781013700438726,
-0.0016991163283901,
0.3519218682605131,
-0.2510238679811779,
-0.2893527152877980,
0.3757977868120546,
0.0398731698343116,
-0.3216464039111243,
0.2284554965080913,
0.0592425331991144,
-0.3750061490358881,
0.2054855727596817,
0.3373642082636927,
-0.3729077098270374,
-0.1299541993413908,
0.3444051050759586,
-0.1793232710673602,
-0.1381054676395335,
0.3774278433472213,
-0.1688563746626311,
-0.3560149903929274,
0.3439535905486057,
0.1963011557009216,
-0.3509250134069439,
0.1007992419264868,
0.2249065062287291,
-0.3358600529147036,
0.0494730252645011,
0.3793332094029643,
-0.3316256605985027,
-0.2423896506883445,
0.3758441799318322,
-0.0426484268783211,
-0.2897393979444658,
0.2911253273090774,
-0.0339810617779219,
-0.3758980478803086,
0.2946093482765039,
0.3042219672208673,
-0.3752993752503135,
-0.0327958720878120,
0.3165823313932670,
-0.2571314570068975,
-0.0498151814909329,
0.3759013909467224,
-0.2298254212471984,
-0.3440160938145876,
0.3580862296569165,
0.0919369107092140,
-0.3839917284590017,
0.2047650991950487,
0.1299576400190880,
-0.3793927724612863,
0.1525790393600920,
0.3747446700977519,
-0.3743549169984222,
-0.1907082836271670,
0.3836997411159525,
-0.1371310061840214,
-0.1961501447007439,
0.3518830211817027,
-0.1253570828673641,
-0.3839139563696838,
0.3549807027691292,
0.2605761944329480,
0.2795750634167017,
-0.3405257961153055,
-0.3089075603279435,
-0.2955055084292569,
-0.3461607690701944,
0.2855395148656377,
0.2645044891225253,
0.3548222282055197,
0.3648226499407148,
-0.2343110281131276,
-0.2095099756762410,
-0.3985012469861938,
0.3828261866686672,
0.1443211505724860,
-0.3863643385173151,
0.1399589293147483,
0.2088826937190694,
-0.3907329235466058,
-0.3916765962799547,
-0.2417906456930886,
-0.2687000298439373,
0.3445092606463893,
0.3527771510919852,
0.3174539896703727,
0.3298368356029056,
-0.3119849660563414,
-0.2883772879567242,
-0.3489412757167808,
-0.3899672709391054,
0.2580856796055340,
0.2189214097458324,
0.3951724479298061,
0.4017256133109727,
-0.2054703576166014,
-0.2177775836492018,
0.3982944516333809,
0.3978147725508038,
0.2195540084987472,
0.2755629864525966,
-0.3990680712925737,
-0.3659321066703373,
-0.2985845353231332,
-0.3362411910345558,
0.3390749261444111,
0.3251087008413561,
0.3695138455677872,
0.3794655529095294,
-0.2810720517393185,
-0.2646237242973952,
-0.3953513573498094,
-0.2770970867725989,
0.3899308119989947,
0.4085608378760875,
0.2977704679148788,
0.3321638742477308,
-0.3675925918223185,
-0.3407491241158726,
-0.3527828641580216,
-0.4044680379560451,
0.3117471679497926,
0.2900548695761593,
0.4124178100903195,
-0.4185974301685924,
-0.2980107371287447,
-0.3394267760614127,
0.3916828260838556,
0.3817382792960465,
0.3656080263394986,
0.3851874775072850,
-0.3393521016468375,
-0.3137987778346611,
-0.4115826206193416,
0.3311769755723370,
-0.4183792947206532,
-0.3967244263918957,
-0.3520020679884270,
-0.3874135549906911,
0.3682780903180325,
0.3551334510312105,
0.4271171077854519,
0.4232980450285487,
-0.2984013871965936,
-0.3005805751409786,
0.4266970643429759,
0.4334169351464564,
0.3594435061813722,
0.3842512763280750,
-0.3914561309689977,
-0.3669465624290665,
-0.3977798677056773,
-0.4376671437840843,
0.3618916514345591,
-0.4421980296830947,
-0.3653995290969656,
-0.4079509888455836,
0.4171157014505371,
0.4054890400437422,
0.4149131416910138,
0.4364793612825577,
-0.3611795963587430,
0.3791604518968614,
-0.4414549882226146,
-0.4152076189603249,
-0.4135804154818410,
-0.4582110747741590,
0.4113776277637853,
-0.3617070372341796,
0.4391690093297720,
0.4556362481595798,
0.4096532104307327,
0.4299645521231528,
-0.4123010431672824,
-0.3694939848242191,
-0.4444563843154130,
-0.4621988918463404,
-0.4203319509876660,
-0.4555108264628622,
0.4544787213456323,
0.4167537999515962,
0.4627605993945924,
0.4277298295177149,
-0.4637365141498250,
-0.4284235487812339,
-0.4639187404647009,
-0.4148182584084542,
0.4667048210447713,
0.4600456458349249,
0.4498122088762845,
0.4690192210912291,
-0.4303418677960508,
-0.4803553984943436,
-0.4624404231979246,
-0.4969867830924034,
0.4682244770280981,
0.4972792615833422,
0.4667377086709044,
0.4755236413287114,
-0.4771174427503676,
-0.4738051387210802,
0.4967963923559154,
0.4638739412352386,
0.4923620306194720,
-0.4821200774831790,
-0.4968347348649748,
0.5010774498340296,
0.5026924401563417,
-0.5163718935265673,
0.5158854172073222,
0.5007735704178934,
-0.5008813890497358,
0.5235748396341928,
0.5232565904804775,
-0.5190525015851355,
-0.5185016503089802,
0.5234434036120494,
-0.5230558920249555,
-0.5469127322437917,
0.5468888675889151,
0.5486594214526501,
0.5486530960156757,
0.5486726348035490,
-0.5486564723477602,
-0.5754836731896582,
-0.5755160126763136,
-0.5756893950157009,
0.5757012486755547,
0.6320942457538432,
0.6320942457538425,
0.6400364681314461,
-0.6400364681314461,
0.6400364681314461,
0.6400364681314461,
-0.6400364681314461,
0.6400364681314461,
-0.6400364681314461,
-0.6400364681314461,
0.6273442173610840,
-0.6242235780962569,
-0.6242235780962569,
0.6273442173610840,
-0.6273442173610840,
-0.6242235780962569,
-0.6242235780962569,
-0.6273442173610840,
0.6126025043657126,
-0.6050049026161840,
-0.6050049026161840,
0.6126025043657126,
-0.6126025043657126,
-0.6050049026161840,
-0.6050049026161840,
-0.6126025043657126,
0.5957142053947452,
-0.5817496265408157,
-0.5817496265408159,
0.5957142053947453,
-0.5957142053947452,
-0.5817496265408157,
-0.5817496265408159,
-0.5957142053947453,
0.5765225058904067,
-0.5535139977332777,
-0.5535139977332777,
0.5765225058904067,
-0.5765225058904067,
-0.5535139977332777,
-0.5535139977332777,
-0.5765225058904067,
0.5553000188931911,
-0.5196857288099411,
-0.5196857288099411,
0.5553000188931911,
-0.5553000188931911,
-0.5196857288099411,
-0.5196857288099411,
-0.5553000188931911,
0.5323772419307647,
-0.4794248797753756,
-0.4794248797753757,
0.5323772419307649,
-0.5323772419307647,
-0.4794248797753756,
-0.4794248797753757,
-0.5323772419307649,
0.5083557905655087,
-0.4319346528399098,
-0.4319346528399098,
0.5083557905655087,
-0.5083557905655087,
-0.4319346528399098,
-0.4319346528399098,
-0.5083557905655087,
0.4842480999605795,
-0.3767906702812155,
-0.3767906702812155,
0.4842480999605795,
-0.4842480999605795,
-0.3767906702812155,
-0.3767906702812155,
-0.4842480999605795,
0.4613109223527876,
-0.3137851274417722,
-0.3137851274417722,
0.4613109223527876,
-0.4613109223527876,
-0.3137851274417722,
-0.3137851274417722,
-0.4613109223527876,
0.4410706418414977,
-0.2432958909398580,
-0.2432958909398580,
0.4410706418414977,
-0.4410706418414977,
-0.2432958909398580,
-0.2432958909398580,
-0.4410706418414977,
0.4251083184300991,
-0.1662722821640305,
-0.1662722821640305,
0.4251083184300991,
-0.4251083184300991,
-0.1662722821640305,
-0.1662722821640305,
-0.4251083184300991,
0.4148610696030992,
-0.0844168659225347,
-0.0844168659225347,
0.4148610696030992,
-0.4148610696030992,
-0.0844168659225347,
-0.0844168659225347,
-0.4148610696030992,
0.4113267636457607,
-0.0000049088883445,
-0.0000049088883445,
0.4113267636457607,
-0.4113267636457607,
-0.0000049088883445,
-0.0000049088883445,
-0.4113267636457607,
0.4148621530705701,
0.0844297815519636,
0.0844297815519636,
0.4148621530705701,
-0.4148621530705701,
0.0844297815519636,
0.0844297815519636,
-0.4148621530705701,
0.4251071392131441,
0.1662652173465624,
0.1662652173465624,
0.4251071392131441,
-0.4251071392131441,
0.1662652173465624,
0.1662652173465624,
-0.4251071392131441,
0.4410684711138527,
0.2432871455165262,
0.2432871455165262,
0.4410684711138527,
-0.4410684711138527,
0.2432871455165262,
0.2432871455165262,
-0.4410684711138527,
0.4613142981548938,
0.3137954545028488,
0.3137954545028488,
0.4613142981548938,
-0.4613142981548938,
0.3137954545028488,
0.3137954545028488,
-0.4613142981548938,
0.4842531638790364,
0.3768032628657380,
0.3768032628657380,
0.4842531638790364,
-0.4842531638790364,
0.3768032628657380,
0.3768032628657380,
-0.4842531638790364,
0.5083679904920824,
0.4319604362246859,
0.4319604362246859,
0.5083679904920824,
-0.5083679904920824,
0.4319604362246859,
0.4319604362246859,
-0.5083679904920824,
0.5323719274018341,
0.4794150263862562,
0.4794150263862562,
0.5323719274018341,
-0.5323719274018341,
0.4794150263862562,
0.4794150263862562,
-0.5323719274018341,
0.5553071176975382,
0.5196975572225365,
0.5196975572225365,
0.5553071176975382,
-0.5553071176975382,
0.5196975572225365,
0.5196975572225365,
-0.5553071176975382,
0.5765272421025575,
0.5535212256140415,
0.5535212256140415,
0.5765272421025575,
-0.5765272421025575,
0.5535212256140415,
0.5535212256140415,
-0.5765272421025575,
0.5956756442605247,
0.5816949027804794,
0.5816949027804794,
0.5956756442605247,
-0.5956756442605247,
0.5816949027804794,
0.5816949027804794,
-0.5956756442605247,
0.6126141277459901,
0.6050204379210458,
0.6050204379210457,
0.6126141277459900,
-0.6126141277459901,
0.6050204379210458,
0.6050204379210457,
-0.6126141277459900,
0.6273596519850139,
0.6242432076034715,
0.6242432076034715,
0.6273596519850139,
-0.6273596519850139,
0.6242432076034715,
0.6242432076034715,
-0.6273596519850139,
]

triangles = [
0, 5, 2,
5, 10, 2,
0, 8, 5,
5, 18, 10,
7, 4, 2,
2, 4, 0,
0, 3, 8,
15, 7, 2,
1, 3, 0,
4, 1, 0,
13, 18, 5,
8, 13, 5,
23, 15, 10,
10, 15, 2,
31, 23, 10,
14, 6, 1,
1, 6, 3,
39, 31, 18,
18, 31, 10,
16, 21, 8,
8, 21, 13,
13, 26, 18,
16, 8, 3,
11, 16, 3,
20, 12, 7,
7, 12, 4,
4, 9, 1,
34, 26, 13,
17, 9, 4,
28, 20, 15,
15, 20, 7,
6, 11, 3,
36, 28, 15,
21, 34, 13,
60, 39, 26,
26, 39, 18,
25, 17, 12,
12, 17, 4,
44, 36, 23,
23, 36, 15,
44, 23, 31,
22, 14, 9,
9, 14, 1,
6, 19, 11,
52, 44, 31,
16, 29, 21,
21, 42, 34,
37, 29, 16,
32, 24, 11,
11, 24, 16,
14, 19, 6,
39, 52, 31,
29, 42, 21,
34, 47, 26,
55, 47, 34,
39, 73, 52,
41, 33, 20,
20, 33, 12,
33, 25, 12,
17, 22, 9,
30, 22, 17,
14, 27, 19,
49, 41, 28,
28, 41, 20,
47, 60, 26,
70, 49, 36,
36, 49, 28,
78, 57, 44,
44, 57, 36,
42, 55, 34,
47, 81, 60,
40, 32, 19,
19, 32, 11,
45, 37, 24,
24, 37, 16,
29, 63, 42,
42, 76, 55,
38, 30, 17,
86, 65, 52,
52, 65, 44,
35, 14, 22,
35, 27, 14,
60, 73, 39,
59, 38, 25,
25, 38, 17,
46, 25, 33,
57, 70, 36,
49, 62, 41,
91, 70, 57,
43, 22, 30,
43, 35, 22,
55, 68, 47,
60, 94, 73,
71, 50, 37,
37, 50, 29,
55, 89, 68,
50, 63, 29,
83, 62, 49,
41, 54, 33,
75, 54, 41,
54, 46, 33,
53, 45, 32,
32, 45, 24,
61, 40, 27,
27, 40, 19,
99, 78, 65,
65, 78, 44,
68, 81, 47,
107, 86, 73,
73, 86, 52,
63, 76, 42,
68, 102, 81,
51, 43, 30,
35, 48, 27,
78, 91, 57,
70, 83, 49,
81, 94, 60,
40, 53, 32,
76, 89, 55,
81, 115, 94,
38, 51, 30,
72, 51, 38,
80, 59, 46,
46, 59, 25,
104, 83, 70,
62, 75, 41,
96, 75, 62,
54, 67, 46,
79, 58, 45,
45, 58, 37,
50, 84, 63,
63, 97, 76,
88, 67, 54,
56, 48, 35,
40, 74, 53,
120, 99, 86,
86, 99, 65,
78, 112, 91,
123, 102, 68,
58, 71, 37,
76, 110, 89,
125, 104, 70,
83, 96, 62,
125, 70, 91,
128, 107, 94,
94, 107, 73,
87, 66, 53,
53, 66, 45,
58, 92, 71,
43, 56, 35,
77, 56, 43,
71, 84, 50,
82, 61, 48,
48, 61, 27,
133, 112, 78,
84, 97, 63,
89, 123, 68,
117, 96, 83,
75, 88, 54,
136, 115, 81,
279, 125, 91,
138, 117, 83,
276, 123, 89,
102, 136, 81,
67, 80, 46,
59, 72, 38,
101, 80, 67,
93, 72, 59,
51, 64, 43,
61, 74, 40,
146, 131, 97,
97, 131, 76,
107, 120, 86,
99, 133, 78,
140, 120, 107,
148, 133, 99,
112, 279, 91,
131, 110, 76,
85, 64, 51,
109, 88, 75,
144, 128, 94,
74, 87, 53,
66, 79, 45,
72, 85, 51,
100, 79, 66,
71, 105, 84,
272, 136, 102,
115, 144, 94,
272, 102, 123,
90, 69, 56,
56, 69, 48,
61, 95, 74,
283, 279, 112,
138, 83, 104,
98, 77, 64,
64, 77, 43,
138, 104, 275,
96, 109, 75,
114, 93, 80,
80, 93, 59,
72, 106, 85,
130, 109, 96,
88, 101, 67,
287, 283, 133,
133, 283, 112,
275, 104, 125,
122, 101, 88,
79, 92, 58,
84, 118, 97,
280, 276, 110,
110, 276, 89,
156, 144, 115,
152, 140, 107,
156, 115, 136,
276, 272, 123,
92, 105, 71,
131, 280, 110,
152, 107, 128,
120, 148, 99,
105, 118, 84,
159, 148, 120,
279, 275, 125,
145, 130, 117,
69, 82, 48,
74, 108, 87,
103, 82, 69,
129, 108, 74,
87, 100, 66,
79, 113, 92,
118, 146, 97,
121, 100, 87,
82, 95, 61,
117, 130, 96,
135, 114, 101,
145, 117, 271,
146, 280, 131,
163, 152, 128,
140, 159, 120,
111, 90, 77,
77, 90, 56,
268, 156, 136,
144, 163, 128,
148, 287, 133,
291, 287, 148,
274, 127, 93,
93, 127, 72,
85, 119, 64,
106, 119, 85,
272, 268, 136,
127, 106, 72,
122, 88, 141,
101, 114, 80,
134, 113, 79,
92, 126, 105,
105, 139, 118,
141, 88, 109,
111, 98, 132,
119, 98, 64,
277, 121, 108,
108, 121, 87,
100, 134, 79,
264, 163, 144,
167, 159, 140,
264, 144, 156,
273, 129, 95,
95, 129, 74,
116, 95, 82,
153, 141, 109,
124, 103, 90,
90, 103, 69,
271, 117, 138,
130, 153, 109,
281, 134, 100,
167, 140, 152,
275, 271, 138,
143, 92, 113,
143, 126, 92,
158, 284, 146,
149, 135, 122,
122, 135, 101,
274, 278, 127,
126, 139, 105,
146, 284, 280,
174, 167, 152,
158, 146, 118,
98, 111, 77,
147, 98, 119,
164, 153, 130,
160, 149, 122,
127, 278, 106,
282, 147, 119,
274, 93, 114,
139, 158, 118,
270, 274, 114,
137, 116, 82,
129, 277, 108,
137, 82, 103,
295, 291, 159,
159, 291, 148,
273, 277, 129,
121, 281, 100,
150, 137, 103,
163, 174, 152,
268, 264, 156,
282, 119, 106,
155, 143, 113,
126, 151, 139,
166, 288, 158,
155, 113, 134,
277, 281, 121,
180, 174, 163,
167, 176, 159,
142, 124, 111,
111, 124, 90,
267, 164, 145,
145, 164, 130,
160, 122, 141,
278, 282, 106,
264, 180, 163,
160, 141, 168,
135, 270, 114,
269, 273, 116,
116, 273, 95,
285, 155, 134,
149, 270, 135,
168, 141, 153,
162, 126, 143,
162, 151, 126,
158, 288, 284,
183, 176, 167,
183, 167, 174,
286, 132, 147,
147, 132, 98,
281, 285, 134,
271, 267, 145,
175, 168, 153,
175, 153, 164,
161, 150, 124,
124, 150, 103,
137, 269, 116,
189, 183, 174,
166, 158, 139,
154, 142, 111,
282, 286, 147,
132, 154, 111,
170, 162, 143,
151, 166, 139,
170, 143, 155,
150, 157, 137,
165, 157, 150,
173, 166, 151,
176, 295, 159,
190, 295, 176,
157, 269, 137,
267, 175, 164,
171, 149, 160,
180, 189, 174,
264, 260, 180,
149, 266, 270,
171, 266, 149,
171, 160, 177,
260, 189, 180,
183, 190, 176,
290, 154, 132,
142, 161, 124,
177, 160, 168,
289, 170, 155,
162, 173, 151,
285, 289, 155,
169, 161, 142,
157, 265, 269,
195, 190, 183,
184, 177, 168,
171, 262, 266,
161, 165, 150,
182, 173, 188,
179, 173, 162,
166, 292, 288,
196, 184, 175,
175, 184, 168,
256, 195, 189,
189, 195, 183,
267, 263, 175,
286, 290, 132,
154, 169, 142,
165, 265, 157,
181, 265, 165,
172, 165, 161,
182, 292, 166,
190, 299, 295,
200, 299, 190,
290, 169, 154,
260, 256, 189,
195, 200, 190,
186, 262, 171,
186, 171, 177,
186, 177, 191,
173, 182, 166,
179, 162, 170,
293, 179, 170,
263, 196, 175,
178, 172, 161,
172, 181, 165,
191, 177, 184,
289, 293, 170,
204, 200, 195,
196, 191, 184,
256, 204, 195,
169, 178, 161,
193, 261, 181,
185, 178, 169,
199, 188, 179,
179, 188, 173,
182, 296, 292,
263, 259, 196,
196, 201, 191,
197, 258, 186,
290, 294, 169,
193, 172, 187,
193, 181, 172,
181, 261, 265,
200, 303, 299,
208, 303, 200,
194, 182, 188,
194, 296, 182,
256, 252, 204,
204, 208, 200,
186, 258, 262,
197, 186, 191,
203, 194, 188,
294, 185, 169,
187, 172, 178,
252, 208, 204,
201, 197, 191,
259, 201, 196,
293, 297, 179,
297, 199, 179,
194, 300, 296,
185, 187, 178,
210, 203, 199,
199, 203, 188,
248, 214, 208,
208, 307, 303,
259, 255, 201,
201, 205, 197,
197, 254, 258,
211, 205, 201,
214, 307, 208,
294, 298, 185,
185, 192, 187,
252, 248, 208,
214, 217, 307,
202, 193, 187,
202, 257, 193,
193, 257, 261,
298, 192, 185,
205, 254, 197,
203, 300, 194,
207, 300, 203,
198, 202, 187,
297, 301, 199,
301, 210, 199,
255, 211, 201,
205, 250, 254,
210, 207, 203,
248, 217, 214,
202, 253, 257,
192, 198, 187,
302, 198, 192,
220, 311, 217,
217, 311, 307,
248, 244, 217,
255, 251, 211,
211, 250, 205,
216, 250, 211,
305, 212, 210,
210, 212, 207,
207, 304, 300,
298, 302, 192,
209, 253, 198,
198, 253, 202,
212, 304, 207,
244, 220, 217,
301, 305, 210,
212, 215, 304,
251, 216, 211,
302, 206, 198,
206, 209, 198,
240, 315, 220,
220, 315, 311,
244, 240, 220,
305, 215, 212,
251, 247, 216,
216, 246, 250,
247, 246, 216,
215, 308, 304,
219, 308, 215,
302, 306, 206,
206, 213, 209,
213, 249, 209,
209, 249, 253,
305, 309, 215,
240, 319, 315,
236, 319, 240,
306, 213, 206,
309, 219, 215,
247, 243, 246,
243, 242, 246,
219, 312, 308,
313, 312, 219,
309, 313, 219,
236, 323, 319,
232, 323, 236,
243, 221, 242,
213, 245, 249,
306, 310, 213,
218, 245, 213,
310, 218, 213,
221, 238, 242,
243, 239, 221,
239, 238, 221,
228, 327, 323,
228, 323, 232,
313, 316, 312,
317, 316, 313,
218, 241, 245,
310, 314, 218,
314, 241, 218,
228, 224, 327,
239, 234, 238,
235, 234, 239,
314, 222, 241,
321, 316, 317,
321, 320, 316,
235, 231, 234,
314, 318, 222,
231, 230, 234,
222, 237, 241,
318, 237, 222,
325, 320, 321,
325, 324, 320,
231, 227, 230,
225, 223, 325,
325, 223, 324,
223, 225, 324,
318, 322, 237,
322, 233, 237,
322, 229, 233,
326, 229, 322,
326, 226, 229,
]